GeneName1	GeneName2	chr1	Breakpoint1	strand1	chr2	Breakpoint2	strand2	EnsemblGene1	EnsemblGene2	crossingreads	spanningreads	mean.insertsize	homology	fusiontype	InfoGene1	InfoGene2	JunctionSequence	GeneExpr1	GeneExpr2	GeneExpr_Fused	ES	GJS	US	EricScore
FBXO25	SEPT14	8	435707	+	7	55796092	-	ENSG00000147364	ENSG00000154997	5	7	70.09		inter-chromosomal	F-box protein 25 [Source:HGNC Symbol;Acc:HGNC:13596]	septin 14 [Source:HGNC Symbol;Acc:HGNC:33280]	acttctcaagtgcaattcaagatatccgaaggttcaattatgtggtcaaaCTGCAGGACAAGTTCGAGCATCTTAAAATGATTCAACAGGAGGAGATAAG	5.3	4.11	25.88	0.7794	0.6813	0.714285714285714	0.983505330498951
SOGA3	KIAA0408	6	127473080	-	6	127454101	-	ENSG00000214338	ENSG00000189367	15	28	104.04		Read-Through	SOGA family member 3 [Source:HGNC Symbol;Acc:HGNC:21494]	KIAA0408 [Source:HGNC Symbol;Acc:HGNC:21636]	tcttaccaagaccaaattcaataagaagcccaaacactaaaatatttcagGCTTTATTTTAAAGGCAAGTGAGACTGCTTCAAATAAAACAACTTCAAGC	15.18	13.61	12.14	0.9155	0.6749	0.535714285714286	0.982187781180812
RBM14-RBM4	RBM4	11	66644632	+	11	66644633	+	ENSG00000248643	ENSG00000173933	6	13	114.69		Read-Through	RBM14-RBM4 readthrough [Source:HGNC Symbol;Acc:HGNC:38840]	RNA binding motif protein 4 [Source:HGNC Symbol;Acc:HGNC:9901]	acccctgatgataaagtccataactgtagttaactggtcatcactgctcaGGTCCCAGTTACTAAGAAGACTACCAAAATGGCATCATCTTAATCTTGAA	0.74	12.14	34.68	0.9323	0.6506	0.461538461538462	0.981225845352925
HSP90AA1	SETD5	14	102082680	-	3	Unable to predict breakpoint position	+	ENSG00000080824	ENSG00000168137	3	7	17.16	More than 30 homologies found: ENSG00000169609 (100%), ENSG00000197299 (100%), ENSG00000004939 (100%), ENSG00000119537 (100%), ENSG00000119630 (100%), ENSG00000145388 (100%), ENSG00000183196 (100%), ENSG00000130038 (100%), ENSG00000158006 (100%), ENSG00000120253 (100%), ENSG00000125731 (100%), ENSG00000189051 (100%), ENSG00000084112 (100%), ENSG00000168924 (100%), ENSG00000074657 (101%), ENSG00000071889 (100%), ENSG00000009844 (100%), ENSG00000278062 (100%), ENSG00000247077 (100%), ENSG00000198169 (100%), ENSG00000092203 (100%), ENSG00000174483 (100%), ENSG00000119125 (100%), ENSG00000125637 (100%), ENSG00000150637 (100%), ENSG00000164953 (100%), ENSG00000089775 (100%), ENSG00000196236 (100%), ENSG00000119820 (100%), ENSG00000113558 (100%)	inter-chromosomal	heat shock protein 90kDa alpha (cytosolic), class A member 1 [Source:HGNC Symbol;Acc:HGNC:5253]	SET domain containing 5 [Source:HGNC Symbol;Acc:HGNC:25566]	agaatcgcctgaacccaggaggcggaggttgcagtgagccaagatcgcacCACTGCACTCCAGCCTGGGTGATGGAGCGAGACTCTGTCTCAAAAAAAAA	797.59	54.57	35.1	0.863	0.9018	0.428571428571429	0.97917899631616
ZNF276	FANCA	16	89738974	+	16	89739243	-	ENSG00000158805	ENSG00000187741	5	8	243.99		Cis	zinc finger protein 276 [Source:HGNC Symbol;Acc:HGNC:23330]	Fanconi anemia, complementation group A [Source:HGNC Symbol;Acc:HGNC:3582]	aactgcagcagaaaaagacgagcttttgttatcagttccacggggttgccCTGCCTGACCATCAGGGAAGAGGCCTTCCTGCATGTTGCTGTGGACATGT	14.67	29.14	47.65	0.8478	0.7504	0.625	0.977925414126216
CADPS2	RNF148	7	122736955	-	7	122702315	-	ENSG00000081803	ENSG00000235631	3	2	59.85		intra-chromosomal	Ca++-dependent secretion activator 2 [Source:HGNC Symbol;Acc:HGNC:16018]	ring finger protein 148 [Source:HGNC Symbol;Acc:HGNC:22411]	aaattgtagctgacgaagcattttgcaacgcagttcggagttattatgagGGGACGGAAAATATAGTCGCGGTGATGATAAGCAACCTGAAAGGCATGGA	83.12	2.63	42.92	0.891	0.9785	0.666666666666667	0.977204923287396
P3H3	GNB3	12	6839457	+	12	6841258	+	ENSG00000110811	ENSG00000111664	5	2	78.43		Read-Through	prolyl 3-hydroxylase 3 [Source:HGNC Symbol;Acc:HGNC:19318]	guanine nucleotide binding protein (G protein), beta polypeptide 3 [Source:HGNC Symbol;Acc:HGNC:4400]	cagagggtccaagacaagactggaagggcacctcgggttcgggaggagctGAGCCAGAGTGACCCCTCGACCTGTCAGCCATGGGGGAGATGGAGCAACT	32.39	10.14	55.6	0.9339	0.6626	0.4	0.97717067150756
ZNF718	ARNT	4	124673	+	1	150831605	-	ENSG00000250312	ENSG00000143437	3	5	115.36		inter-chromosomal	zinc finger protein 718 [Source:HGNC Symbol;Acc:HGNC:26889]	aryl hydrocarbon receptor nuclear translocator [Source:HGNC Symbol;Acc:HGNC:700]	ttggatgattcgtatctaagactctgggacactcctgaagtcgggaaatgAGTATTGGCTGTGTCACAGAATGTGGTTTTTATGTGAACAAATTTATACT	5.13	28.51	14.12	0.7513	0.6891	0.6	0.976980109615074
DHRS4L2	ODF2L	14	23970332	+	1	Unable to predict breakpoint position	-	ENSG00000187630	ENSG00000122417	5	11	55.59	ENSG00000115919 (51%), ENSG00000186329 (50%), ENSG00000109861 (52%), ENSG00000186814 (44%), ENSG00000196584 (43%), ENSG00000197580 (43%), ENSG00000132530 (43%)	inter-chromosomal	dehydrogenase/reductase (SDR family) member 4 like 2 [Source:HGNC Symbol;Acc:HGNC:19731]	outer dense fiber of sperm tails 2-like [Source:HGNC Symbol;Acc:HGNC:29225]	ctgacatcgctgtccctggagcatcctccgctggagctggagcttgacagCCAAGACAATCCTAAGCAAAAAGAACAAAGCTGTAGGCATCACGCTACCT	1.24	12.31	12.13	0.867	0.5282	0.454545454545455	0.976945134173431
GTF2IRD1	HUS1	7	74524154	+	7	47964491	-	ENSG00000006704	ENSG00000136273	3	2	88.89		intra-chromosomal	GTF2I repeat domain containing 1 [Source:HGNC Symbol;Acc:HGNC:4661]	HUS1 checkpoint clamp component [Source:HGNC Symbol;Acc:HGNC:5309]	catcaacacgctccgggagtgtgtgcagatcctgtttaacagcagatatgAGATGTGCTCATTCTCCCTGAAACATACCCATCATATTTCCTATTATAAT	33.26	10.71	31.04	0.8829	0.7871	0.666666666666667	0.97681236107819
MRPS31	HNRNPA1L2	13	40749138	-	13	52642406	+	ENSG00000102738	ENSG00000139675	5	11	104.36		intra-chromosomal	mitochondrial ribosomal protein S31 [Source:HGNC Symbol;Acc:HGNC:16632]	heterogeneous nuclear ribonucleoprotein A1-like 2 [Source:HGNC Symbol;Acc:HGNC:27067]	gtggacaaaagaggggaaactatgggagttcccaattaacaatgaagcagCTTCATATCTAAGATCTCTGGTGGACTTTTTCTGCCCGTGGACGCCGCTG	40.61	1.98	34.64	0.9384	0.6682	0.454545454545455	0.976498670299957
ZGPAT	LIME1	20	63736142	+	20	63736283	+	ENSG00000197114	ENSG00000203896	3	4	105.07		Read-Through	zinc finger, CCCH-type with G patch domain [Source:HGNC Symbol;Acc:HGNC:15948]	Lck interacting transmembrane adaptor 1 [Source:HGNC Symbol;Acc:HGNC:26016]	cttgggcatttccttggcaaggacattaaagtgatttcatcacagtgtcaAGGCCAGGGTGCCCGCCAGGCTGCCTGACACCCACAGATGGGTGGAGCTC	21.99	6.57	18.07	0.9317	0.6629	0.75	0.97604607104016
HOXD4	HOXD3	2	176153041	+	2	176164077	+	ENSG00000170166	ENSG00000128652	5	6	80.05		Read-Through	homeobox D4 [Source:HGNC Symbol;Acc:HGNC:5138]	homeobox D3 [Source:HGNC Symbol;Acc:HGNC:5137]	gctgcgggggcaggccgggcctgctgtcacctcgctgggctctaaggtacGCCTCCACAGATATCAAAAGAAACCTGAAGAGCCTACAAAAAAAAAAGAG	28.35	15.46	27.2	0.9323	0.5878	0.833333333333333	0.97604607104016
KRT14	KRT17	17	41583620	-	17	41621058	-	ENSG00000186847	ENSG00000128422	3	2	68.5		intra-chromosomal	keratin 14, type I [Source:HGNC Symbol;Acc:HGNC:6416]	keratin 17, type I [Source:HGNC Symbol;Acc:HGNC:6427]	agctgaaccgcgaggtggccaccaacagcgagctggtgcagagcggcaagAGTGAGCTGGTGCAGAGTGGCAAGAGTGAGATCTCGGAGCTCCGGCGCAC	2.44	30.3	40.35	0.8712	0.957	0.666666666666667	0.975559228635153
PRR11	RAB3B	17	59204580	+	1	51912275	-	ENSG00000068489	ENSG00000169213	8	11	56.37	More than 30 homologies found: ENSG00000123213 (100%), ENSG00000137814 (85%), ENSG00000134644 (99%), ENSG00000110200 (87%), ENSG00000186283 (100%), ENSG00000165934 (86%), ENSG00000070367 (79%), ENSG00000153721 (101%), ENSG00000273594 (80%), ENSG00000147677 (97%), ENSG00000077264 (100%), ENSG00000160991 (102%), ENSG00000077232 (86%), ENSG00000129691 (88%), ENSG00000265491 (84%), ENSG00000159110 (87%), ENSG00000272398 (87%), ENSG00000135917 (100%), ENSG00000179222 (103%), ENSG00000173272 (80%), ENSG00000169682 (76%), ENSG00000142494 (79%), ENSG00000174840 (70%), ENSG00000153093 (79%), ENSG00000111913 (69%), ENSG00000173611 (87%), ENSG00000174799 (76%), ENSG00000173258 (98%), ENSG00000188732 (101%), ENSG00000105771 (87%)	inter-chromosomal	proline rich 11 [Source:HGNC Symbol;Acc:HGNC:25619]	RAB3B, member RAS oncogene family [Source:HGNC Symbol;Acc:HGNC:9778]	gtctctaccaaaaataaaaataaaaattatccaggcgtggtggcatgtgcCTATAGTCCCAGCTACTTGGGAGGCTGAGGTGGGAGGATCGATTGAGCCC	65.25	55.6	57.25	0.9097	0.6544	0.727272727272727	0.975428610478478
STYXL1	TMEM120A	7	75996445	-	7	75992557	-	ENSG00000127952	ENSG00000189077	3	5	38.17		Read-Through	serine/threonine/tyrosine interacting-like 1 [Source:HGNC Symbol;Acc:HGNC:18165]	transmembrane protein 120A [Source:HGNC Symbol;Acc:HGNC:21697]	acaaacatcatggatccgctctactgatcttctccgaggcccaccgaaggGAGACCCATCGGCTCTACCGCCTGAAGCTGGAGGAGCTGACCAAACTTCA	39.79	32.72	28.98	0.9024	0.5587	0.6	0.974361227517473
VKORC1L1	CCT6A	7	65873564	+	7	56054368	+	ENSG00000196715	ENSG00000146731	4	6	35.11		intra-chromosomal	vitamin K epoxide reductase complex, subunit 1-like 1 [Source:HGNC Symbol;Acc:HGNC:21492]	chaperonin containing TCP1, subunit 6A (zeta 1) [Source:HGNC Symbol;Acc:HGNC:1620]	cctctgcgacctggggccctgggtgaagtgctccgccgcccttgcctccaGCAAATTCAACACCCAACAGCTTCCTTAATAGCAAAGGTAGCAACAGCCC	45.49	280.31	15.79	0.9249	0.5286	0.666666666666667	0.972864817895931
IGFL4	NREP	19	46059878	-	5	111665154	-	ENSG00000204869	ENSG00000134986	3	2	83.97		inter-chromosomal	IGF-like family member 4 [Source:HGNC Symbol;Acc:HGNC:32931]	neuronal regeneration related protein [Source:HGNC Symbol;Acc:HGNC:16834]	gattggcccaggagccccaggttatcttgggacctcaagaggagaggaatTCACCCAACTCACAGGTATTTGAGGATACAAACCCATGGTTGGGCTTGGC	4.01	14.08	21.7	0.8549	0.9064	0.666666666666667	0.97283316454888
KRBOX1	FAM198A	3	42942070	+	3	43032266	+	ENSG00000240747	ENSG00000144649	5	6	60.09		intra-chromosomal	KRAB box domain containing 1 [Source:HGNC Symbol;Acc:HGNC:38708]	family with sequence similarity 198, member A [Source:HGNC Symbol;Acc:HGNC:24485]	cccagccacagggagtcctaagcaggaatgactggagagcaggctggataGGCGTCTTGGCTCCGGAGAAAGCTGCGTGGCAAGAGGCGGCCAGTGATAG	6.78	2.95	53.49	0.9047	0.5919	0.833333333333333	0.972679490442815
PAFAH1B3	PRR19	19	42302242	-	19	42302278	+	ENSG00000079462	ENSG00000188368	5	2	87.66		Cis	platelet-activating factor acetylhydrolase 1b, catalytic subunit 3 (29kDa) [Source:HGNC Symbol;Acc:HGNC:8576]	proline rich 19 [Source:HGNC Symbol;Acc:HGNC:33728]	caggacgtacagggcgacgggcgctggatgtccctgcaccatcggttcgtGGCTTGCTGGCTGGGTTCTCCTCTCCACTCATCTTGGCGCCGCAGCTCCT	150.82	6.16	41	0.937	0.6486	0.4	0.971452144370557
TRIP6	SP4	7	100871177	+	7	Unable to predict breakpoint position	+	ENSG00000087077	ENSG00000105866	4	3	60.38	More than 30 homologies found: ENSG00000075702 (99%), ENSG00000153767 (99%), ENSG00000233822 (100%), ENSG00000117523 (99%), ENSG00000065135 (99%), ENSG00000138674 (99%), ENSG00000100034 (99%), ENSG00000127314 (99%), ENSG00000174013 (99%), ENSG00000183077 (99%), ENSG00000128534 (99%), ENSG00000089022 (99%), ENSG00000214513 (99%), ENSG00000198700 (99%), ENSG00000149922 (99%), ENSG00000173598 (101%), ENSG00000105609 (99%), ENSG00000131462 (99%), ENSG00000173611 (99%), ENSG00000135956 (99%), ENSG00000080603 (99%), ENSG00000275066 (100%), ENSG00000274047 (100%), ENSG00000167110 (96%), ENSG00000170006 (99%), ENSG00000092201 (99%), ENSG00000105697 (99%), ENSG00000176915 (99%), ENSG00000003402 (99%), ENSG00000176390 (98%)	intra-chromosomal	thyroid hormone receptor interactor 6 [Source:HGNC Symbol;Acc:HGNC:12311]	Sp4 transcription factor [Source:HGNC Symbol;Acc:HGNC:11209]	tggttcaagcgattctcatgcctcaggctcccgagcagttgggattacagGCGCCTGCCACCATGCCTGGCTAATTTTTGTATTTTTAGTAGAGACAGGG	133.88	4.96	24.62	0.8691	0.9308	0.75	0.970585485319099
BAG4	SMAD2	8	38213217	+	18	Unable to predict breakpoint position	-	ENSG00000156735	ENSG00000175387	5	3	60.39	ENSG00000169871 (25%), ENSG00000144401 (30%)	inter-chromosomal	BCL2-associated athanogene 4 [Source:HGNC Symbol;Acc:HGNC:940]	SMAD family member 2 [Source:HGNC Symbol;Acc:HGNC:6768]	actttggactgaattcaaagttttcttgaaatttcacatctggactttttTTTTTTTTTTTTTTTTTTTTTTTTTTTAGTATTTATTGATCATTCTTGGG	24.91	8.46	19.11	0.7771	0.5006	0.6	0.96845871795935
TRIM61	FARSB	4	164969478	-	2	222643005	-	ENSG00000183439	ENSG00000116120	3	4	80.99		inter-chromosomal	tripartite motif containing 61 [Source:HGNC Symbol;Acc:HGNC:24339]	phenylalanyl-tRNA synthetase, beta subunit [Source:HGNC Symbol;Acc:HGNC:17800]	aaaaagtcataactatgcaaaccaggaaatcactggaactgaagaaaaagACATCTGAGAAGGAAATAATAAGTAAAGAACAAGGTAATGTAAAGGCAGC	6.51	82.32	9.63	0.7974	0.6586	0.75	0.966573270227239
DUS3L	PRR22	19	5784832	-	19	5784758	-	ENSG00000141994	ENSG00000212123	3	5	113.09		Read-Through	dihydrouridine synthase 3-like [Source:HGNC Symbol;Acc:HGNC:26920]	proline rich 22 [Source:HGNC Symbol;Acc:HGNC:28354]	tcctccctcccatggtgatgaccatgtctgccaacgtctgcccctgcttgCAGAACCCCACCAGGTTCTCAGCCTGTTCTCCGGTTGGGCCACTTGCACT	36.3	4.81	19.91	0.7745	0.4981	0.6	0.965932466089354
NCR3LG1	LRRC58	11	17377305	+	3	Unable to predict breakpoint position	-	ENSG00000188211	ENSG00000163428	3	8	16.41	More than 30 homologies found: ENSG00000161649 (96%), ENSG00000188921 (96%), ENSG00000198863 (96%), ENSG00000188060 (96%), ENSG00000137642 (96%), ENSG00000136868 (96%), ENSG00000091651 (96%), ENSG00000169105 (96%), ENSG00000138777 (94%), ENSG00000108799 (100%), ENSG00000103175 (96%), ENSG00000129667 (97%), ENSG00000134013 (96%), ENSG00000187792 (95%), ENSG00000156711 (96%), ENSG00000143337 (95%), ENSG00000175782 (98%), ENSG00000206262 (96%), ENSG00000167769 (96%), ENSG00000070495 (96%), ENSG00000169359 (96%), ENSG00000127616 (96%), ENSG00000169682 (96%), ENSG00000059588 (96%), ENSG00000172006 (96%), ENSG00000164342 (100%), ENSG00000163877 (96%), ENSG00000196912 (96%), ENSG00000126653 (94%), ENSG00000146828 (96%)	inter-chromosomal	natural killer cell cytotoxicity receptor 3 ligand 1 [Source:HGNC Symbol;Acc:HGNC:42400]	leucine rich repeat containing 58 [Source:HGNC Symbol;Acc:HGNC:26968]	atgatgaggtcaggagttcaagactagcctggacaatatggtgaaaccccATCTCTACTAAAAATACAAAAATTAGCCAGGCGTGGTGGTGCATGCCTGT	3.81	34.6	18.42	0.9723	0.5733	0.375	0.96447007595822
TEAD2	TRPM4	19	49361397	-	19	49167739	+	ENSG00000074219	ENSG00000130529	4	12	22.3	ENSG00000104870 (43%), ENSG00000104888 (39%), ENSG00000105447 (22%)	intra-chromosomal	TEA domain family member 2 [Source:HGNC Symbol;Acc:HGNC:11715]	transient receptor potential cation channel, subfamily M, member 4 [Source:HGNC Symbol;Acc:HGNC:17993]	ctggtctcggcctcagctgctgccctgagtctctgtccctgccctttctaGGTCTCTGTCCCTCTCTCTCTGGGTCTCTGTCCCCATCTCTCTGGGTCTC	94.53	56.05	13.33	0.9003	0.576	0.333333333333333	0.964220259840018
TIMM10B	DNHD1	11	6482289	+	11	6497585	+	ENSG00000132286	ENSG00000179532	5	2	59.45		Read-Through	translocase of inner mitochondrial membrane 10 homolog B (yeast) [Source:HGNC Symbol;Acc:HGNC:4022]	dynein heavy chain domain 1 [Source:HGNC Symbol;Acc:HGNC:26532]	aggaaggccttggatggaccctcagattgaaggacccggtggaccttgggGCGATCGCCAGCTCGAGTGCAGATTCCTTGCTGTGACCGAGGTTCAGAGT	28.63	10.03	10.4	0.8883	0.5554	0.4	0.964013892459619
STAG3L5P-PVRIG2P-PILRB	STAG3	7	100338889	+	7	100197778	+	ENSG00000272752	ENSG00000066923	25	41	73.11		intra-chromosomal	STAG3L5P-PVRIG2P-PILRB readthrough [Source:HGNC Symbol;Acc:HGNC:48898]	stromal antigen 3 [Source:HGNC Symbol;Acc:HGNC:11356]	cagccaatgatcttttcaatgctgcgaaagctgccaaaagtgacatgcagCACCGAGAAGTCCGCCTGAAGTGTGTGAAGGCCCTGAAAGGGCTGTACGG	4.73	2.92	93.13	0.9304	0.7526	0.609756097560976	0.963453718947926
TIRAP	DCPS	11	126294602	+	11	126304208	+	ENSG00000150455	ENSG00000110063	5	10	36.48		Read-Through	toll-interleukin 1 receptor (TIR) domain containing adaptor protein [Source:HGNC Symbol;Acc:HGNC:17192]	decapping enzyme, scavenger [Source:HGNC Symbol;Acc:HGNC:29812]	ctttggactgggaagaatcaccatttttcttctggcagatgactgtattcCGTTCTCCGGCTTCAGACTGCAGAAGGTGCTGAGGGAGTCTGCGCGGGAC	12.57	26.79	22.61	0.8583	0.7734	0.5	0.963313924232682
NUP98	SULT1A1	11	3797402	-	16	Unable to predict breakpoint position	-	ENSG00000110713	ENSG00000196502	3	5	32	More than 30 homologies found: ENSG00000102786 (49%), ENSG00000163683 (49%), ENSG00000143458 (49%), ENSG00000119004 (49%), ENSG00000139921 (49%), ENSG00000139160 (49%), ENSG00000119711 (49%), ENSG00000160199 (50%), ENSG00000180758 (50%), ENSG00000136819 (49%), ENSG00000121904 (49%), ENSG00000179222 (49%), ENSG00000124588 (49%), ENSG00000089775 (49%), ENSG00000257727 (49%), ENSG00000178401 (49%), ENSG00000165434 (49%), ENSG00000147687 (49%), ENSG00000129595 (49%), ENSG00000090612 (49%), ENSG00000035664 (49%), ENSG00000204120 (49%), ENSG00000196689 (49%), ENSG00000168785 (49%), ENSG00000163867 (49%), ENSG00000154803 (49%), ENSG00000141627 (49%), ENSG00000130703 (49%), ENSG00000043093 (49%), ENSG00000215012 (49%)	inter-chromosomal	nucleoporin 98kDa [Source:HGNC Symbol;Acc:HGNC:8068]	sulfotransferase family, cytosolic, 1A, phenol-preferring, member 1 [Source:HGNC Symbol;Acc:HGNC:11453]	ggcgggtggcagcaggggactcctgacacttccccttccccaccgaaccgCGAGTTTCACTCTTGTTGCCCAGGCTGGAGTGCAATGGCGTGATCTTGGC	39.04	5.26	26.72	0.8742	0.4689	0.6	0.96280090388681
CPNE7	CCDC77	16	89578999	+	12	Unable to predict breakpoint position	+	ENSG00000178773	ENSG00000120647	3	6	17.78	More than 30 homologies found: ENSG00000168672 (55%), ENSG00000163521 (55%), ENSG00000105221 (52%), ENSG00000080371 (53%), ENSG00000113532 (63%), ENSG00000221890 (51%), ENSG00000135090 (51%), ENSG00000185163 (51%), ENSG00000105127 (51%), ENSG00000179094 (53%), ENSG00000171056 (52%), ENSG00000138757 (52%), ENSG00000136634 (52%), ENSG00000126773 (52%), ENSG00000204991 (51%), ENSG00000103544 (52%), ENSG00000103091 (52%), ENSG00000243667 (51%), ENSG00000140470 (51%), ENSG00000125730 (51%), ENSG00000141985 (52%), ENSG00000076554 (53%), ENSG00000159200 (60%), ENSG00000164308 (53%), ENSG00000185359 (55%), ENSG00000127483 (52%), ENSG00000182013 (50%), ENSG00000178691 (50%), ENSG00000177225 (50%), ENSG00000117305 (50%)	inter-chromosomal	copine VII [Source:HGNC Symbol;Acc:HGNC:2320]	coiled-coil domain containing 77 [Source:HGNC Symbol;Acc:HGNC:28203]	acggaatcctcacaccttgccaggacgggtccttcttttttattgaggtaGGCCGGGCACGGTGGCTCACTCCTGTAATCCCAGCACTTTGGGAGGCTGA	113	34.82	44.61	0.8791	0.803	0.5	0.961978238655276
CKLF-CMTM1	CMTM1	16	66566400	+	16	66566401	+	ENSG00000254788	ENSG00000089505	5	4	98.65		Read-Through	CKLF-CMTM1 readthrough [Source:HGNC Symbol;Acc:HGNC:39977]	CKLF-like MARVEL transmembrane domain containing 1 [Source:HGNC Symbol;Acc:HGNC:19172]	aatgagggtggctgaagggctcggcttgtcggtggggcagcgagagccggGTGCACGCGCCGGGGAGGTAGCCAACAGCCGTTGGGACGCGACGCTGGTT	2.56	2.58	14.32	0.8403	0.4973	0.8	0.961930484794061
RHBDD3	KIAA1324	22	Unable to predict breakpoint position	-	1	Unable to predict breakpoint position	+	ENSG00000100263	ENSG00000116299	4	5	31.41	More than 30 homologies found: ENSG00000123358 (100%), ENSG00000196275 (101%), ENSG00000074356 (100%), ENSG00000089022 (100%), ENSG00000175985 (100%), ENSG00000168385 (100%), ENSG00000135940 (100%), ENSG00000122203 (100%), ENSG00000083067 (100%), ENSG00000082269 (100%), ENSG00000070814 (100%), ENSG00000197121 (100%), ENSG00000134061 (100%), ENSG00000124574 (100%), ENSG00000161010 (100%), ENSG00000171346 (100%), ENSG00000102934 (100%), ENSG00000186812 (100%), ENSG00000204923 (100%), ENSG00000103197 (100%), ENSG00000111961 (100%), ENSG00000105609 (100%), ENSG00000133997 (100%), ENSG00000173805 (100%), ENSG00000159322 (100%), ENSG00000163933 (100%), ENSG00000105443 (100%), ENSG00000198844 (100%), ENSG00000168522 (100%), ENSG00000167037 (100%)	inter-chromosomal	rhomboid domain containing 3 [Source:HGNC Symbol;Acc:HGNC:1308]	KIAA1324 [Source:HGNC Symbol;Acc:HGNC:29618]	gaccagcctggccaacatggttaaaccctgtctctactaaaaatacaaaaATTAGCCGGGCGTGGTGGCGGGTGCCTGTAGTCCCAGCTACTCGGGAGGC	54.79	1.53	49.57	0.9449	0.6957	0.8	0.961419150897779
R3HDM2	STAC3	12	57254848	-	12	57249308	-	ENSG00000179912	ENSG00000185482	3	1	79.34		Read-Through	R3H domain containing 2 [Source:HGNC Symbol;Acc:HGNC:29167]	SH3 and cysteine rich domain 3 [Source:HGNC Symbol;Acc:HGNC:28423]	tccccagccccctggctgcccaaaatgcctcccttcgtctcaacaactccCTACAGCGGCTAAAGCAGTTACTCAGGAAGGGTTCTACAGGGACAAAGGA	52.84	6.99	46.19	0.92	0.9953	0.333333333333333	0.961335032471057
EIF2AK2	ARL14EP	2	37148926	-	11	30331106	+	ENSG00000055332	ENSG00000152219	3	1	87.8		inter-chromosomal	eukaryotic translation initiation factor 2-alpha kinase 2 [Source:HGNC Symbol;Acc:HGNC:9437]	ADP-ribosylation factor-like 14 effector protein [Source:HGNC Symbol;Acc:HGNC:26798]	acctcaaaactttagcagttcttccatctgactcaggtttgcttctctggACAATACAATTTGCTTTCATCATGTAAAAATTTACATTGACAGATTTGAG	36.79	40.27	97.52	0.92	0.9953	0.333333333333333	0.961255249000034
USP32	USP6	17	60179096	-	17	5173126	+	ENSG00000170832	ENSG00000129204	11	6	111.1		intra-chromosomal	ubiquitin specific peptidase 32 [Source:HGNC Symbol;Acc:HGNC:19143]	ubiquitin specific peptidase 6 [Source:HGNC Symbol;Acc:HGNC:12629]	ctgtggccctgaagcacaaaataaaaattctaattaaaatagttaactttAAGAGTAGAAACAATTGTATTTTGAAGTCTCATACAAGCTGTCTGATAGA	11.75	3.84	22.42	0.9627	0.6368	0.545454545454545	0.960164814214771
CYB5A	ZNF747	18	74251266	-	16	30535323	-	ENSG00000166347	ENSG00000169955	6	8	44.1	ENSG00000115464 (102%), ENSG00000151806 (85%), ENSG00000134539 (81%), ENSG00000170160 (87%), ENSG00000162882 (84%), ENSG00000163738 (86%), ENSG00000175164 (89%), ENSG00000185432 (59%), ENSG00000066813 (59%), ENSG00000140961 (53%), ENSG00000137962 (38%)	inter-chromosomal	cytochrome b5 type A (microsomal) [Source:HGNC Symbol;Acc:HGNC:2570]	zinc finger protein 747 [Source:HGNC Symbol;Acc:HGNC:28350]	atgtctcatgtctccctaaaatgcataaaaccaagctgtgccctgaccacCTTGGGCACATGTCGTGAGGACTTCCTGAGGCTGTCACGCGCGCGTCCTC	6.66	20.25	27.34	0.7662	0.3718	0.75	0.960035861907097
NADSYN1	HHLA1	11	Unable to predict breakpoint position	+	8	Unable to predict breakpoint position	-	ENSG00000172890	ENSG00000132297	7	5	96.68	ENSG00000188783 (66%), ENSG00000168878 (54%), ENSG00000258818 (56%), ENSG00000197568 (53%), ENSG00000131969 (51%), ENSG00000162654 (47%), ENSG00000003400 (47%), ENSG00000154237 (49%), ENSG00000256061 (47%), ENSG00000135426 (47%), ENSG00000066427 (47%), ENSG00000105197 (53%), ENSG00000276848 (25%), ENSG00000276033 (25%), ENSG00000174456 (24%), ENSG00000114455 (24%)	inter-chromosomal	NAD synthetase 1 [Source:HGNC Symbol;Acc:HGNC:29832]	HERV-H LTR-associating 1 [Source:HGNC Symbol;Acc:HGNC:4904]	ttaactgatgacattccaccacaaaagaagtgaaaatggcctgttcctgcCTTAACTGATGACATTCCACCACAAAAGAAGTGTAAATGGCTGGTCCTTG	13.15	2.93	27.14	0.769	0.4501	0.714285714285714	0.960035861907097
ZNF547	TRAPPC2	19	57363703	+	X	13719982	-	ENSG00000152433	ENSG00000196459	37	39	143.53		inter-chromosomal	zinc finger protein 547 [Source:HGNC Symbol;Acc:HGNC:26432]	trafficking protein particle complex 2 [Source:HGNC Symbol;Acc:HGNC:23068]	cccctctcttccctggctggacttgcggagtccccgccgaagaacccgagGAGCCATATATTGAAGACCATGTCTGGGAGCTTCTACTTTGTAATTGTTG	2.49	8.52	40.84	0.9104	0.644	0.948717948717949	0.959953616030154
PXMP2	PGAM5	12	132704794	+	12	132714858	+	ENSG00000176894	ENSG00000247077	3	4	137.54		Read-Through	peroxisomal membrane protein 2, 22kDa [Source:HGNC Symbol;Acc:HGNC:9716]	PGAM family member 5, serine/threonine protein phosphatase, mitochondrial [Source:HGNC Symbol;Acc:HGNC:28763]	ccagcgagagcagaaccaatccagtcaggatgtcactgactctaaatcagGCGAGAACCACTGTCTCTGATCAACGTGCGGAAGAGGAACGTGGAATCTG	41.1	54.1	27.69	0.9479	0.7144	0.75	0.958024422250319
ADI1	SLC27A5	2	3515522	-	19	58508037	-	ENSG00000182551	ENSG00000083807	3	5	123.35		inter-chromosomal	acireductone dioxygenase 1 [Source:HGNC Symbol;Acc:HGNC:30576]	solute carrier family 27 (fatty acid transporter), member 5 [Source:HGNC Symbol;Acc:HGNC:10999]	cactgataagggtccaacaaagatcacagggcaaagggcaaaagcagaacTACTGATCAGGGTCCAACAAAGATCACAAGGCAAAGGGCAAAAGCAGAAC	1.07	8.66	15.05	0.7699	0.3994	0.6	0.957708365645944
MRPS31	SUGT1	13	40749138	-	13	52657532	+	ENSG00000102738	ENSG00000165416	4	6	73.8		intra-chromosomal	mitochondrial ribosomal protein S31 [Source:HGNC Symbol;Acc:HGNC:16632]	SGT1 homolog, MIS12 kinetochore complex assembly cochaperone [Source:HGNC Symbol;Acc:HGNC:16987]	gtggacaaaagaggggaaactatgggagttcccaattaacaatgaagcagGAGCTGACTAAGGCTTTGGAACAGAAACCAGATGATGCACAGTATTATTG	40.61	15.32	36.38	0.8531	0.4874	0.666666666666667	0.957476745539228
SH3PXD2A	MC2R	10	Unable to predict breakpoint position	-	18	Unable to predict breakpoint position	-	ENSG00000107957	ENSG00000185231	3	1	40.98	ENSG00000197753 (104%), ENSG00000114650 (64%), ENSG00000204131 (64%), ENSG00000123360 (56%), ENSG00000079819 (56%), ENSG00000152348 (63%), ENSG00000176542 (52%), ENSG00000185985 (57%), ENSG00000146006 (59%), ENSG00000181929 (49%), ENSG00000186635 (64%), ENSG00000115808 (55%), ENSG00000116117 (48%), ENSG00000154162 (46%), ENSG00000185823 (43%), ENSG00000130544 (39%), ENSG00000102781 (44%), ENSG00000196092 (38%), ENSG00000182255 (45%), ENSG00000169083 (34%), ENSG00000161714 (37%), ENSG00000157542 (40%), ENSG00000186591 (36%)	inter-chromosomal	SH3 and PX domains 2A [Source:HGNC Symbol;Acc:HGNC:23664]	melanocortin 2 receptor (adrenocorticotropic hormone) [Source:HGNC Symbol;Acc:HGNC:6930]	gagagagagagagagagagagtgtgtgtgtgtgtgtgtgtgtgtgtgtgtGTGTGTGTGTGTGTGTGTGTGTGTGTGTGTGTGTGTGTGTGTGTGTGTGT	86.83	2.76	107.43	0.8985	0.9953	0.333333333333333	0.956536530061282
CLUAP1	SLITRK2	16	3537660	+	X	145821109	+	ENSG00000103351	ENSG00000185985	7	5	-12.53	More than 30 homologies found: ENSG00000120885 (58%), ENSG00000130818 (57%), ENSG00000117335 (57%), ENSG00000196935 (57%), ENSG00000176422 (57%), ENSG00000114316 (58%), ENSG00000083844 (58%), ENSG00000111962 (57%), ENSG00000166436 (60%), ENSG00000171148 (57%), ENSG00000133313 (57%), ENSG00000070444 (57%), ENSG00000132604 (57%), ENSG00000130414 (57%), ENSG00000184226 (57%), ENSG00000140740 (57%), ENSG00000134253 (52%), ENSG00000214491 (57%), ENSG00000131018 (57%), ENSG00000101638 (51%), ENSG00000183287 (57%), ENSG00000141756 (57%), ENSG00000075413 (57%), ENSG00000172771 (57%), ENSG00000275544 (57%), ENSG00000145388 (57%), ENSG00000100902 (57%), ENSG00000185670 (57%), ENSG00000164713 (57%), ENSG00000159788 (57%)	inter-chromosomal	clusterin associated protein 1 [Source:HGNC Symbol;Acc:HGNC:19009]	SLIT and NTRK-like family, member 2 [Source:HGNC Symbol;Acc:HGNC:13449]	atgagccgtgatcatgccactgcactccagcctgggtgacagagtgagacTCTCTCTCTCTCTCACTCACACACACACACACACACACACACACACGCTT	13.25	0.35	25.07	0.8285	0.68	0.714285714285714	0.95626936184037
AUH	ZBTB38	9	91296021	-	3	141396429	+	ENSG00000148090	ENSG00000177311	4	9	53.55	ENSG00000139618 (52%), ENSG00000139218 (52%), ENSG00000177119 (45%)	inter-chromosomal	AU RNA binding protein/enoyl-CoA hydratase [Source:HGNC Symbol;Acc:HGNC:890]	zinc finger and BTB domain containing 38 [Source:HGNC Symbol;Acc:HGNC:26636]	tgcaaaaatgggcctggttgaaacaaaattggcgattattcctggtggagTTACTTCCTCCACTGAAGTCTTGAATCTCTCAAAGTCATCCATGAGGGTT	13.78	8.22	19.04	0.9777	0.7366	0.444444444444444	0.954474214541992
ACACB	ASH2L	12	109249209	+	8	38138333	+	ENSG00000076555	ENSG00000129691	4	2	22.35		inter-chromosomal	acetyl-CoA carboxylase beta [Source:HGNC Symbol;Acc:HGNC:85]	ash2 (absent, small, or homeotic)-like (Drosophila) [Source:HGNC Symbol;Acc:HGNC:744]	tggagggcttcagtatttaaaggagaaaagcaggctggaggggaaagaggGAGGGTATGGTCATCCACATGTTGCAAGAGAAAAGGAGCAGATAGGGGAA	7.33	75.38	22.28	0.8772	0.9612	0.5	0.954029257832283
PTMA	ANP32B	2	231711973	+	9	98015378	+	ENSG00000187514	ENSG00000136938	4	1	-13.33	ENSG00000100353 (33%), ENSG00000198883 (48%), ENSG00000276876 (29%), ENSG00000196132 (29%)	inter-chromosomal	prothymosin, alpha [Source:HGNC Symbol;Acc:HGNC:9623]	acidic (leucine-rich) nuclear phosphoprotein 32 family, member B [Source:HGNC Symbol;Acc:HGNC:16677]	aggtagacgaagaagaggaagaaggtggggaggaagaggaggaggaagaaGAGGATGAAGAGGAGGAAGAAGGTGGGAAAGGTGAAAAGAGGAAGAGAGA	742.79	456.57	1859.82	0.8583	0.9319	0.25	0.953720862281946
SBF2	GLUL	11	9959334	-	1	182385887	-	ENSG00000133812	ENSG00000135821	22	62	122.89	ENSG00000145888 (88%)	inter-chromosomal	SET binding factor 2 [Source:HGNC Symbol;Acc:HGNC:2135]	glutamate-ammonia ligase [Source:HGNC Symbol;Acc:HGNC:4341]	agacgggcacccctttggttggccttccagtggattccctgagccccaggGTCCATATTACTGTGGTGTGGGAGCAGACAGAGCCTATGGCAGGGACATC	14.51	38	68.18	0.9371	0.7173	0.354838709677419	0.952777778004816
SUPT20H	CHRDL2	13	37059560	-	11	74697298	-	ENSG00000102710	ENSG00000054938	12	15	53.52		inter-chromosomal	SPT20 homolog, SAGA complex component [Source:HGNC Symbol;Acc:HGNC:20596]	chordin-like 2 [Source:HGNC Symbol;Acc:HGNC:24168]	gccgagcaggcggcgccgtcttggggcctagcggcgaggcgacccgcacaGGAATCTTCCACTTGACTCAGATCAAGAAAGTCAGGAAGCAAGACTTCCA	25.14	0.29	47.96	0.9508	0.6535	0.8	0.952650723110329
FAM168B	PLS3	2	131093213	-	X	Unable to predict breakpoint position	+	ENSG00000152102	ENSG00000102024	3	7	61.16	More than 30 homologies found: ENSG00000157214 (50%), ENSG00000101236 (49%), ENSG00000204628 (50%), ENSG00000197912 (50%), ENSG00000197816 (50%), ENSG00000189308 (50%), ENSG00000188130 (50%), ENSG00000185842 (50%), ENSG00000185201 (50%), ENSG00000184992 (50%), ENSG00000181634 (50%), ENSG00000176974 (50%), ENSG00000175106 (50%), ENSG00000173436 (50%), ENSG00000172366 (50%), ENSG00000172318 (50%), ENSG00000171766 (50%), ENSG00000171148 (50%), ENSG00000171109 (50%), ENSG00000167513 (50%), ENSG00000166471 (50%), ENSG00000164916 (50%), ENSG00000164393 (50%), ENSG00000160695 (50%), ENSG00000157353 (50%), ENSG00000144619 (50%), ENSG00000141526 (50%), ENSG00000141338 (50%), ENSG00000141293 (50%), ENSG00000140995 (50%)	inter-chromosomal	family with sequence similarity 168, member B [Source:HGNC Symbol;Acc:HGNC:27016]	plastin 3 [Source:HGNC Symbol;Acc:HGNC:9091]	cgggccggcgtgcgctggtcactgaggcccaggtcgccgccgcggcgcgtGAGACGGAGTTTCACCGTGTTAGCCAGGATGGTCTCGATCTCCTGACCTC	135.64	104.75	26.38	0.8139	0.7266	0.428571428571429	0.952025018340676
BMS1	BMS1P20	10	42820259	+	22	22303224	+	ENSG00000165733	ENSG00000236850	3	1	75.16		inter-chromosomal	BMS1 ribosome biogenesis factor [Source:HGNC Symbol;Acc:HGNC:23505]	BMS1 ribosome biogenesis factor pseudogene 20 [Source:HGNC Symbol;Acc:HGNC:49153]	aaggagaaatgcagaaacaagcacagctgaatcgcgcagaatttgaagatAGGAGCTCTACGGTGACTTTGAAGACTTGGAAACAGGGGACGTGCACAAG	38.25	7.05	81.75	0.9339	0.9676	0.333333333333333	0.951595295419254
BOLA2	SMG1	16	29454016	-	16	18879719	-	ENSG00000183336	ENSG00000157106	19	47	100.42	ENSG00000169627 (52%)	intra-chromosomal	bolA family member 2 [Source:HGNC Symbol;Acc:HGNC:29488]	SMG1 phosphatidylinositol 3-kinase-related kinase [Source:HGNC Symbol;Acc:HGNC:30045]	ctggtggtgtcggccaagttcgaggggaaaccgctgcttcagagacacagGTTCTGTACAGAGTAATGAGATGTGTGACGGCTGCAAACCAGGTGTTTTT	56.02	27.34	159.98	0.8861	0.5932	0.404255319148936	0.950993892100279
HNRNPH2	HNRNPH1	X	101413163	+	5	179616959	-	ENSG00000126945	ENSG00000169045	33	76	148.06		inter-chromosomal	heterogeneous nuclear ribonucleoprotein H2 (H') [Source:HGNC Symbol;Acc:HGNC:5042]	heterogeneous nuclear ribonucleoprotein H1 (H) [Source:HGNC Symbol;Acc:HGNC:5041]	tatgtagaactttttttgaattctacagcaggggcaagtggtggcgcttaGAACACAGATATGTAGAACTCTTCTTGAATTCTACAGCAGGAGCAAGCGG	65.15	49.33	129.95	0.9848	0.9059	0.434210526315789	0.94958877091503
CYP51A1	LRRD1	7	92134667	-	7	92131873	-	ENSG00000001630	ENSG00000240720	4	19	84.36		Read-Through	cytochrome P450, family 51, subfamily A, polypeptide 1 [Source:HGNC Symbol;Acc:HGNC:2649]	leucine-rich repeats and death domain containing 1 [Source:HGNC Symbol;Acc:HGNC:34300]	cacacaaaaaacgggtcgcccgcgattctcagggattgatcgcctcttcaGAAAAGTCCTCCATACATTTTCTCCCCAATTCCATTCCTTGGGCATGCCA	16.99	6.29	10.59	0.9289	0.6247	0.210526315789474	0.949544586437462
AKAP13	UBE2Q2	15	85380748	+	15	75868951	+	ENSG00000170776	ENSG00000140367	4	3	72.1		intra-chromosomal	A kinase (PRKA) anchor protein 13 [Source:HGNC Symbol;Acc:HGNC:371]	ubiquitin-conjugating enzyme E2Q family member 2 [Source:HGNC Symbol;Acc:HGNC:19248]	ttagccgcctccgggggagcggccgcctattgtctttctccgcggcgaagAATGGGACAACAGAAGAAGTGACTTCAGAAGAAGAGGAAGAAGAAGAAGA	18.62	20.77	15.8	0.9618	0.6723	0.75	0.949473530903924
ASL	GUSBP11	7	66082427	+	22	23652884	-	ENSG00000126522	ENSG00000228315	3	6	29.76		inter-chromosomal	argininosuccinate lyase [Source:HGNC Symbol;Acc:HGNC:746]	glucuronidase, beta pseudogene 11 [Source:HGNC Symbol;Acc:HGNC:42325]	agtgggcccagggcaccttcaaactgaactccaatgatgaggacatccacACAGCCAACAAGTGCCACCTGAAGGTGGTCACGGACCTCAGGTTGTGGAT	17.86	12.61	30.72	0.9334	0.9621	0.5	0.949421333436142
PTPRS	RILPL2	19	5158859	-	12	Unable to predict breakpoint position	-	ENSG00000105426	ENSG00000150977	4	16	59.78	ENSG00000156265 (58%), ENSG00000134955 (56%), ENSG00000124588 (70%), ENSG00000227471 (54%), ENSG00000242802 (56%), ENSG00000231160 (56%), ENSG00000141026 (56%), ENSG00000169946 (54%)	inter-chromosomal	protein tyrosine phosphatase, receptor type, S [Source:HGNC Symbol;Acc:HGNC:9681]	Rab interacting lysosomal protein-like 2 [Source:HGNC Symbol;Acc:HGNC:28787]	ccaattcccaacagcagttggggtgtcctgtttagatgggggattgagagGTGACAGCGTGCTGGCAGTCCTCACAGCCCTCGCTCGCTCTCGGCGCCTC	81.7	17.65	126.68	0.9349	0.6692	0.25	0.947886962199284
MT1F	MT1B	16	56658086	+	16	56652571	+	ENSG00000198417	ENSG00000169688	3	1	0	ENSG00000205358 (99%), ENSG00000244020 (95%), ENSG00000169715 (78%), ENSG00000205362 (78%), ENSG00000205364 (78%), ENSG00000126005 (64%)	Read-Through	metallothionein 1F [Source:HGNC Symbol;Acc:HGNC:7398]	metallothionein 1B [Source:HGNC Symbol;Acc:HGNC:7394]	tccagtctctcctcggcttgcaatggaccccaactgctcctgcgccgctgGTGGCTCCTGTGCCTGCGCCGGCTCCTGCAAGTGCAAAGAGTGCAAATGT	8.18	0	70.77	0.8883	0.9844	0.333333333333333	0.946063306867256
KNTC1	ZNF80	12	122593135	+	3	Unable to predict breakpoint position	-	ENSG00000184445	ENSG00000174255	4	17	99.54	More than 30 homologies found: ENSG00000158552 (91%), ENSG00000103740 (84%), ENSG00000188419 (72%), ENSG00000164136 (72%), ENSG00000167261 (74%), ENSG00000240720 (75%), ENSG00000176124 (71%), ENSG00000001630 (75%), ENSG00000187621 (72%), ENSG00000231160 (72%), ENSG00000141026 (71%), ENSG00000154451 (77%), ENSG00000172349 (72%), ENSG00000185787 (72%), ENSG00000080709 (73%), ENSG00000141458 (72%), ENSG00000139287 (67%), ENSG00000150977 (62%), ENSG00000114861 (72%), ENSG00000187764 (67%), ENSG00000000460 (72%), ENSG00000079459 (67%), ENSG00000239605 (55%), ENSG00000196352 (74%), ENSG00000179314 (49%), ENSG00000128487 (50%), ENSG00000138028 (52%), ENSG00000100867 (47%), ENSG00000182329 (46%), ENSG00000197548 (40%)	inter-chromosomal	kinetochore associated 1 [Source:HGNC Symbol;Acc:HGNC:17255]	zinc finger protein 80 [Source:HGNC Symbol;Acc:HGNC:13155]	aactcccaacacatctgaacatcagaaggaacaaactccagacgcgccacCTTAAGAGCTGTAACACTCACCACGAAGGTCTGCAGCTTCACTCCTGAGC	47.58	2.36	56.63	0.9551	0.6417	0.235294117647059	0.944871029393682
MDP1	NEDD8-MDP1	14	24215919	-	14	24215797	-	ENSG00000213920	ENSG00000255526	27	87	102.38		Read-Through	magnesium-dependent phosphatase 1 [Source:HGNC Symbol;Acc:HGNC:28781]	NEDD8-MDP1 readthrough [Source:HGNC Symbol;Acc:HGNC:39551]	tgcggtgcgggtcatggcgcggctaccgaagctggcagtctttgatttggATTACACTCTCTGGCCTTTCTGGGTCGACACGCACGTAGACCCTCCGTTC	6.88	2.69	80.02	0.9202	0.681	0.310344827586207	0.94297358977052
HNRNPC	HNRNPCL2	14	21230958	-	1	13116083	-	ENSG00000092199	ENSG00000275774	141	314	205.4	ENSG00000274109 (50%), ENSG00000282175 (50%), ENSG00000179172 (50%)	inter-chromosomal	heterogeneous nuclear ribonucleoprotein C (C1/C2) [Source:HGNC Symbol;Acc:HGNC:5035]	heterogeneous nuclear ribonucleoprotein C-like 2 [Source:HGNC Symbol;Acc:HGNC:48813]	gagatgtacgggtcagtaacagaacacccttctccgtcccctctactcagCTCCTCTTTTGACTTGGACTATGGCTTTCAACGGGATTATTATGATGGGA	37.37	2.64	11.43	0.932	0.9064	0.449044585987261	0.941513750347926
MED22	SURF6	9	133339356	-	9	133334601	-	ENSG00000148297	ENSG00000148296	3	4	39.87	ENSG00000182521 (32%)	Read-Through	mediator complex subunit 22 [Source:HGNC Symbol;Acc:HGNC:11477]	surfeit 6 [Source:HGNC Symbol;Acc:HGNC:11478]	cacagtgtgctgctctgggtggagcaggctggcgcttcagttgaatccagCTGGCAAAACTCAAGGCTCAGAAACTGCAGGGCCCCCAAAAAAGAAAAGG	36.84	48.88	6.18	0.7717	0.3899	0.75	0.939376623589232
ANP32D	ANP32A	12	48473246	+	15	68783051	-	ENSG00000139223	ENSG00000140350	105	92	227.81		inter-chromosomal	acidic (leucine-rich) nuclear phosphoprotein 32 family, member D [Source:HGNC Symbol;Acc:HGNC:16676]	acidic (leucine-rich) nuclear phosphoprotein 32 family, member A [Source:HGNC Symbol;Acc:HGNC:13233]	agtatgatgaagatgctcaggtaatggaagatgaggaggacgaggatgagGAGGAGTATGATGAAGATGCTCAGGTAGTGGAAGACGAGGAGGACGAGGA	2.52	65.75	264.41	0.9209	0.6114	0.876190476190476	0.938980148631845
EIF4E	SMPD4	4	98926080	-	2	Unable to predict breakpoint position	-	ENSG00000151247	ENSG00000136699	4	7	91.23	More than 30 homologies found: ENSG00000162814 (89%), ENSG00000146904 (91%), ENSG00000131437 (92%), ENSG00000110013 (91%), ENSG00000136213 (91%), ENSG00000108107 (91%), ENSG00000183484 (91%), ENSG00000100106 (91%), ENSG00000172273 (96%), ENSG00000100325 (91%), ENSG00000187621 (91%), ENSG00000093000 (89%), ENSG00000061337 (91%), ENSG00000166275 (90%), ENSG00000163618 (90%), ENSG00000226742 (83%), ENSG00000170088 (91%), ENSG00000079950 (91%), ENSG00000168778 (91%), ENSG00000175782 (91%), ENSG00000121067 (90%), ENSG00000129657 (88%), ENSG00000149100 (90%), ENSG00000136381 (90%), ENSG00000197296 (90%), ENSG00000112053 (90%), ENSG00000183578 (90%), ENSG00000281857 (90%), ENSG00000130561 (90%), ENSG00000143367 (91%)	inter-chromosomal	eukaryotic translation initiation factor 4E [Source:HGNC Symbol;Acc:HGNC:3287]	sphingomyelin phosphodiesterase 4, neutral membrane (neutral sphingomyelinase-3) [Source:HGNC Symbol;Acc:HGNC:32949]	cagtggcgcgatcatagctcactgcagcctcaaactcctgggctcaagagATTCTTCTGCCTCAGCCTCTTGAGTAGCTGGGATTACAGGTTGTCTAGGC	27.28	77.47	14.93	0.9777	0.924	0.571428571428571	0.938785394372988
AP5Z1	GUSB	7	4794312	+	7	65979870	-	ENSG00000242802	ENSG00000169919	3	1	130.22	ENSG00000141026 (53%), ENSG00000124588 (53%), ENSG00000150977 (48%), ENSG00000172828 (26%), ENSG00000185745 (23%)	intra-chromosomal	adaptor-related protein complex 5, zeta 1 subunit [Source:HGNC Symbol;Acc:HGNC:22197]	glucuronidase, beta [Source:HGNC Symbol;Acc:HGNC:4696]	cagcaggatgtgggtggggccagatgagaataaaagcaggctgcccgagcCCTCCCCTTCGAGGCCGACATCAGCAACCTGGTCCAGGTGGGGCCCCTGC	16.15	58.62	38.16	0.8583	0.9319	0.333333333333333	0.938003414887226
DDX19B	DDX19A	16	Unable to predict breakpoint position	+	16	70365580	+	ENSG00000157349	ENSG00000168872	19	33	84.37	More than 30 homologies found: ENSG00000185278 (82%), ENSG00000204120 (81%), ENSG00000170075 (82%), ENSG00000143217 (82%), ENSG00000156831 (82%), ENSG00000134504 (83%), ENSG00000183801 (82%), ENSG00000151882 (80%), ENSG00000095380 (81%), ENSG00000145555 (83%), ENSG00000158467 (73%), ENSG00000115137 (81%), ENSG00000088543 (75%), ENSG00000172262 (77%), ENSG00000084710 (77%), ENSG00000160991 (82%), ENSG00000181090 (82%), ENSG00000189067 (82%), ENSG00000267467 (73%), ENSG00000224916 (73%), ENSG00000140950 (82%), ENSG00000105371 (82%), ENSG00000126261 (78%), ENSG00000160298 (82%), ENSG00000197471 (82%), ENSG00000129250 (77%), ENSG00000026559 (76%), ENSG00000113319 (74%), ENSG00000168065 (67%), ENSG00000102893 (76%)	Read-Through	DEAD (Asp-Glu-Ala-Asp) box polypeptide 19B [Source:HGNC Symbol;Acc:HGNC:2742]	DEAD (Asp-Glu-Ala-Asp) box polypeptide 19A [Source:HGNC Symbol;Acc:HGNC:25628]	agtcccagctactcaggaggctgaggcaggaggatcacttgagcccaggaGTTCGAGACCAGCCTGGGCAACATAGTAAGACAAAAAATAAAAAAAAAAA	20.66	8.52	51.32	0.9733	0.6963	0.575757575757576	0.932049002307526
METTL10	FAM53B	10	124760318	-	10	124706887	-	ENSG00000203791	ENSG00000189319	6	4	110.89		Read-Through	methyltransferase like 10 [Source:HGNC Symbol;Acc:HGNC:33787]	family with sequence similarity 53, member B [Source:HGNC Symbol;Acc:HGNC:28968]	cacagcaaagttaacctgacacagaaaatccttgtgcaaataaatgcttaGGAGTTGACCACATTTGGCCATTTCCCAGAAGGGCCCCACCCCAAGGGTG	26.34	14.54	38.44	0.9808	0.7524	0.666666666666667	0.931236473625126
LSG1	TMEM44	3	194644675	-	3	194633167	-	ENSG00000041802	ENSG00000145014	6	9	19.05		Read-Through	large 60S subunit nuclear export GTPase 1 [Source:HGNC Symbol;Acc:HGNC:25652]	transmembrane protein 44 [Source:HGNC Symbol;Acc:HGNC:25120]	ctcctcctggaagagatcctgtaacttttcagcatcaacaccagcgactcCTGGACCGCTGCTTCGCCCGCCACCGCGTCTGCATCTCCTTCGGCCTGTG	49.79	16.54	44.77	0.9557	0.754	0.666666666666667	0.930845747319073
STAG3	PHYHD1	7	100199599	+	9	128921406	+	ENSG00000066923	ENSG00000175287	7	30	61.59	More than 30 homologies found: ENSG00000105855 (50%), ENSG00000160949 (50%), ENSG00000159905 (50%), ENSG00000152700 (50%), ENSG00000105220 (50%), ENSG00000104660 (50%), ENSG00000278154 (50%), ENSG00000276053 (50%), ENSG00000172000 (50%), ENSG00000130164 (50%), ENSG00000127364 (50%), ENSG00000075391 (50%), ENSG00000074356 (50%), ENSG00000037474 (49%), ENSG00000198826 (49%), ENSG00000154274 (49%), ENSG00000153048 (49%), ENSG00000268104 (50%), ENSG00000278129 (50%), ENSG00000188846 (50%), ENSG00000188033 (50%), ENSG00000182670 (50%), ENSG00000170542 (50%), ENSG00000165629 (50%), ENSG00000090924 (50%), ENSG00000080371 (50%), ENSG00000276761 (50%), ENSG00000273559 (50%), ENSG00000198393 (50%), ENSG00000173846 (50%)	inter-chromosomal	stromal antigen 3 [Source:HGNC Symbol;Acc:HGNC:11356]	phytanoyl-CoA dioxygenase domain containing 1 [Source:HGNC Symbol;Acc:HGNC:23396]	atgtgcaggagagcacactgatagaaatccttgtgtccagtgcccggcaaCTCCTGCCTCAGCCTCGCGAGCAGCTGGGACTACAGGTGCCCGCCACCAC	2.92	11.95	57.36	0.9317	0.7491	0.233333333333333	0.929226646554211
GUSBP11	ASL	22	23659865	-	7	66082368	+	ENSG00000228315	ENSG00000126522	3	7	22.18	ENSG00000169919 (52%)	inter-chromosomal	glucuronidase, beta pseudogene 11 [Source:HGNC Symbol;Acc:HGNC:42325]	argininosuccinate lyase [Source:HGNC Symbol;Acc:HGNC:746]	cgtggttggagagctcatctggaattttgccgatttcatgactaaccagtGTGGCTGAGGAGTGGGCCCAGGGCACCTTCAAACTGAACTCCAATGATGA	12.61	17.86	79.55	0.9684	0.7831	0.428571428571429	0.928035548533609
TMEM233	PRKAB1	12	119629872	+	12	119672301	+	ENSG00000224982	ENSG00000111725	4	3	60.05		Read-Through	transmembrane protein 233 [Source:HGNC Symbol;Acc:HGNC:37219]	protein kinase, AMP-activated, beta 1 non-catalytic subunit [Source:HGNC Symbol;Acc:HGNC:9378]	attggccttctcatcatcggcatttcttgtgcagttcacttcacaaggaaGCACCAGAGAAGGAGGAATTCCTGGCCTGGCAGCATGATCTGGAAGTGAA	9.79	23.37	9.44	0.9237	0.9051	0.75	0.92765215801124
EWSR1	FLI1	22	29287134	+	11	128805366	+	ENSG00000182944	ENSG00000151702	70	56	360.45		inter-chromosomal	EWS RNA-binding protein 1 [Source:HGNC Symbol;Acc:HGNC:3508]	Fli-1 proto-oncogene, ETS transcription factor [Source:HGNC Symbol;Acc:HGNC:3749]	ccaagctccaagtcaatatagccaacagagcagcagctacgggcagcagaACCCTTCTTATGACTCAGTCAGAAGAGGAGCTTGGGGCAATAACATGAAT	74.54	14.23	11.8	0.9591	0.7211	0.8	0.926144567850403
PTMA	HNRNPU	2	231711977	+	1	244864054	-	ENSG00000187514	ENSG00000153187	3	2	176.16	More than 30 homologies found: ENSG00000126461 (63%), ENSG00000158352 (54%), ENSG00000238134 (79%), ENSG00000236759 (79%), ENSG00000232045 (79%), ENSG00000227333 (79%), ENSG00000204371 (79%), ENSG00000156113 (54%), ENSG00000070729 (51%), ENSG00000153250 (56%), ENSG00000111602 (39%), ENSG00000158806 (52%), ENSG00000101892 (47%), ENSG00000174282 (46%), ENSG00000275851 (35%), ENSG00000275023 (35%), ENSG00000248333 (32%), ENSG00000008128 (32%), ENSG00000140836 (37%), ENSG00000146216 (28%), ENSG00000152763 (33%), ENSG00000132692 (34%), ENSG00000276876 (37%), ENSG00000196132 (37%), ENSG00000124140 (26%), ENSG00000234046 (23%), ENSG00000231002 (23%), ENSG00000230230 (23%), ENSG00000224143 (44%), ENSG00000114853 (22%)	inter-chromosomal	prothymosin, alpha [Source:HGNC Symbol;Acc:HGNC:9623]	heterogeneous nuclear ribonucleoprotein U (scaffold attachment factor A) [Source:HGNC Symbol;Acc:HGNC:5048]	agacgaagaagaggaagaaggtggggaggaagaggaggaggaagaagaagAGGAGGAGGAAGAGGAAGAGGAGGAGGAAGGAATCTCCGCTCTGGACGGC	742.79	276.54	769.05	0.8325	0.8003	0.666666666666667	0.921755705261227
RABL2A	RABL2B	2	113632944	+	22	50776749	-	ENSG00000144134	ENSG00000079974	19	79	92.78		inter-chromosomal	RAB, member of RAS oncogene family-like 2A [Source:HGNC Symbol;Acc:HGNC:9799]	RAB, member of RAS oncogene family-like 2B [Source:HGNC Symbol;Acc:HGNC:9800]	agcgcagtgggcaaatccaaactcatggagagatttctcatggatggcttTCAGCCACAGCAGCTGTCCACGTACGCCCTGACCCTGTACAAGCACACAG	6.25	9.26	52.89	0.8752	0.638	0.240506329113924	0.920856466910147
ERI2	DCUN1D3	16	20896308	-	16	20862643	-	ENSG00000196678	ENSG00000188215	3	5	106.11		Read-Through	ERI1 exoribonuclease family member 2 [Source:HGNC Symbol;Acc:HGNC:30541]	DCN1, defective in cullin neddylation 1, domain containing 3 [Source:HGNC Symbol;Acc:HGNC:28734]	ggtgggcaacctagaaagccagttgatgccacttgctattggagttgtggGTTGGCTGGCTCCTCTGGCTGATGGCATGTTGAGGTACATGGGCCAGCGG	9.92	4.56	6.06	0.9273	0.7616	0.6	0.918684939620952
NSUN5	DAPK2	7	73307411	-	15	63911188	-	ENSG00000130305	ENSG00000035664	5	27	93.44	More than 30 homologies found: ENSG00000132357 (51%), ENSG00000179222 (51%), ENSG00000095787 (51%), ENSG00000119820 (51%), ENSG00000101695 (51%), ENSG00000247077 (51%), ENSG00000171815 (51%), ENSG00000169057 (51%), ENSG00000151150 (51%), ENSG00000141965 (51%), ENSG00000108176 (51%), ENSG00000105373 (51%), ENSG00000100722 (51%), ENSG00000100461 (51%), ENSG00000188227 (51%), ENSG00000179335 (51%), ENSG00000176953 (51%), ENSG00000135090 (51%), ENSG00000100578 (51%), ENSG00000078269 (49%), ENSG00000084623 (53%), ENSG00000151413 (50%), ENSG00000115486 (51%), ENSG00000242173 (51%), ENSG00000183032 (51%), ENSG00000130772 (51%), ENSG00000021355 (51%), ENSG00000186026 (52%), ENSG00000186496 (51%), ENSG00000177946 (47%)	inter-chromosomal	NOP2/Sun domain family, member 5 [Source:HGNC Symbol;Acc:HGNC:16385]	death-associated protein kinase 2 [Source:HGNC Symbol;Acc:HGNC:2675]	atttcaagagacaaggtttctcctatcagggtcgggcttccagcctcgatGGAGTGCAATGGCGCGATCTCGGCTCACCGCAACCTCTGCCTCCTGGCTT	5.92	11.6	56.78	0.8994	0.6051	0.185185185185185	0.91855221626809
UGT3A2	SENP2	5	36064249	-	3	Unable to predict breakpoint position	+	ENSG00000168671	ENSG00000163904	9	33	57.66	More than 30 homologies found: ENSG00000217128 (54%), ENSG00000204054 (54%), ENSG00000155034 (54%), ENSG00000247556 (54%), ENSG00000235233 (55%), ENSG00000172366 (56%), ENSG00000175984 (54%), ENSG00000167685 (54%), ENSG00000112695 (54%), ENSG00000077721 (54%), ENSG00000235569 (54%), ENSG00000235222 (54%), ENSG00000230293 (54%), ENSG00000227314 (54%), ENSG00000204410 (54%), ENSG00000165055 (54%), ENSG00000166035 (54%), ENSG00000134955 (54%), ENSG00000082212 (54%), ENSG00000077157 (54%), ENSG00000174348 (54%), ENSG00000166135 (54%), ENSG00000156711 (54%), ENSG00000139180 (54%), ENSG00000033030 (54%), ENSG00000144401 (54%), ENSG00000142609 (55%), ENSG00000164100 (51%), ENSG00000162419 (54%), ENSG00000130813 (51%)	inter-chromosomal	UDP glycosyltransferase 3 family, polypeptide A2 [Source:HGNC Symbol;Acc:HGNC:27266]	SUMO1/sentrin/SMT3 specific peptidase 2 [Source:HGNC Symbol;Acc:HGNC:23116]	cggtcataatgtcaccatgcttaaccacaaaagaggtccttttatgccagGCTGGAGTACAATGGTGTGATCTCAGCTCACTGCAACCTCCGCCTCCCAG	539.94	23.4	181.76	0.9312	0.6981	0.272727272727273	0.917255559672737
TOP3A	ZNF397	17	18273921	-	18	35248572	+	ENSG00000177302	ENSG00000186812	4	7	41.97	More than 30 homologies found: ENSG00000187024 (50%), ENSG00000111452 (50%), ENSG00000175581 (48%), ENSG00000153093 (48%), ENSG00000090924 (48%), ENSG00000215193 (50%), ENSG00000138433 (48%), ENSG00000103175 (48%), ENSG00000196704 (49%), ENSG00000119685 (50%), ENSG00000168807 (42%), ENSG00000114861 (48%), ENSG00000069966 (48%), ENSG00000276480 (43%), ENSG00000133392 (43%), ENSG00000163590 (43%), ENSG00000130204 (41%), ENSG00000198258 (48%), ENSG00000185513 (48%), ENSG00000162144 (50%), ENSG00000182831 (39%), ENSG00000183166 (40%), ENSG00000175322 (40%), ENSG00000167554 (40%), ENSG00000164638 (40%), ENSG00000175727 (41%), ENSG00000170734 (40%), ENSG00000091879 (45%), ENSG00000221968 (39%), ENSG00000155008 (39%)	inter-chromosomal	topoisomerase (DNA) III alpha [Source:HGNC Symbol;Acc:HGNC:11992]	zinc finger protein 397 [Source:HGNC Symbol;Acc:HGNC:18818]	tctcaaaaaaaatttaaaaatttaaaaaaataaaaagaatccaaccccggGGCTCACACCTATAATGCCAGCACTTTGGGAGGCCAAGGCTGGAGGATTG	31	22.57	25.59	0.9615	0.8823	0.571428571428571	0.915648538900213
ZMYM5	ZMYM2	13	19863449	-	13	19959957	+	ENSG00000132950	ENSG00000121741	9	12	83.4		Cis	zinc finger, MYM-type 5 [Source:HGNC Symbol;Acc:HGNC:13029]	zinc finger, MYM-type 2 [Source:HGNC Symbol;Acc:HGNC:12989]	ggggtggctgggagcagcgcagcctccggaggaggaggcggaggccgaggGGACCAAGAATCGCCTTCAGCCCTGTCTGGTGCATCCTTGGCAGAAAGTG	19.31	26.14	21.96	0.9824	0.8592	0.75	0.915235252679951
GAS2L3	PBRM1	12	100626863	+	3	Unable to predict breakpoint position	-	ENSG00000139354	ENSG00000163939	5	17	117.92	More than 30 homologies found: ENSG00000143324 (78%), ENSG00000183963 (78%), ENSG00000103550 (78%), ENSG00000165416 (80%), ENSG00000130935 (78%), ENSG00000064115 (78%), ENSG00000162408 (78%), ENSG00000115414 (78%), ENSG00000104774 (78%), ENSG00000126653 (78%), ENSG00000160469 (78%), ENSG00000057294 (75%), ENSG00000236830 (80%), ENSG00000204054 (78%), ENSG00000185344 (78%), ENSG00000161010 (78%), ENSG00000211455 (80%), ENSG00000012048 (80%), ENSG00000174990 (80%), ENSG00000152689 (80%), ENSG00000103313 (80%), ENSG00000163866 (78%), ENSG00000022840 (80%), ENSG00000163541 (78%), ENSG00000196313 (80%), ENSG00000065361 (80%), ENSG00000132781 (80%), ENSG00000167747 (73%), ENSG00000205922 (78%), ENSG00000159674 (74%)	inter-chromosomal	growth arrest-specific 2 like 3 [Source:HGNC Symbol;Acc:HGNC:27475]	polybromo 1 [Source:HGNC Symbol;Acc:HGNC:30064]	aattgtttatttgaggccaggcaatcccagcattttgggaagccaagttgGGCAGATCACGAGATCAGGAGTTCGAGACCAGCCTGACCAACATGGTGAA	17.04	25.33	19.69	0.9538	0.7243	0.294117647058824	0.915030827145099
METTL21B	TSFM	12	57773128	+	12	57783110	+	ENSG00000123427	ENSG00000123297	4	9	37.8		Read-Through	methyltransferase like 21B [Source:HGNC Symbol;Acc:HGNC:24936]	Ts translation elongation factor, mitochondrial [Source:HGNC Symbol;Acc:HGNC:12367]	cgaactgggtgcggggacaggcatcgtggggatcttggcagcgctgcaggGCTGGGTCTCTTCTGCGTCAGTCGCCCCAGCCAAGGCACACATTTTATGC	9.25	36.37	5.44	0.9584	0.4658	0.444444444444444	0.912457284779517
TUBGCP4	TP53BP1	15	Unable to predict breakpoint position	+	15	43405852	-	ENSG00000137822	ENSG00000067369	3	1	160.66	More than 30 homologies found: ENSG00000272333 (61%), ENSG00000102893 (57%), ENSG00000276684 (57%), ENSG00000196150 (57%), ENSG00000185436 (57%), ENSG00000163527 (57%), ENSG00000160439 (57%), ENSG00000108854 (57%), ENSG00000106246 (57%), ENSG00000214336 (57%), ENSG00000196689 (57%), ENSG00000173077 (57%), ENSG00000165055 (57%), ENSG00000004846 (57%), ENSG00000159921 (57%), ENSG00000132840 (56%), ENSG00000101417 (56%), ENSG00000278788 (57%), ENSG00000221838 (57%), ENSG00000183828 (57%), ENSG00000177946 (57%), ENSG00000177082 (57%), ENSG00000153006 (57%), ENSG00000140545 (57%), ENSG00000139496 (57%), ENSG00000138757 (57%), ENSG00000137171 (57%), ENSG00000133789 (57%), ENSG00000116871 (57%), ENSG00000109684 (57%)	Cis	tubulin, gamma complex associated protein 4 [Source:HGNC Symbol;Acc:HGNC:16691]	tumor protein p53 binding protein 1 [Source:HGNC Symbol;Acc:HGNC:11999]	acacctgtaatcccagcactttgggaggccgaggcgggcggatcacctgaGGTCAGGCTGGTCTCAAACTCCTGACTTCAGGTGATCCGCCCGCCTCGGC	9.27	30.49	12.67	0.9339	0.9676	0.333333333333333	0.912374197454803
RNF123	TBCB	3	49691509	+	19	36118568	+	ENSG00000164068	ENSG00000105254	4	11	45.17	More than 30 homologies found: ENSG00000223547 (57%), ENSG00000112237 (51%), ENSG00000130997 (57%), ENSG00000128309 (57%), ENSG00000198912 (57%), ENSG00000166233 (57%), ENSG00000151322 (57%), ENSG00000146426 (57%), ENSG00000084710 (57%), ENSG00000139625 (50%), ENSG00000213949 (50%), ENSG00000185261 (57%), ENSG00000171311 (57%), ENSG00000169398 (57%), ENSG00000168591 (57%), ENSG00000163110 (57%), ENSG00000128928 (57%), ENSG00000053372 (57%), ENSG00000168243 (57%), ENSG00000143515 (57%), ENSG00000183317 (57%), ENSG00000163466 (50%), ENSG00000204054 (50%), ENSG00000164574 (54%), ENSG00000136636 (55%), ENSG00000137413 (57%), ENSG00000170100 (48%), ENSG00000141098 (57%), ENSG00000047849 (57%), ENSG00000168096 (57%)	inter-chromosomal	ring finger protein 123 [Source:HGNC Symbol;Acc:HGNC:21148]	tubulin folding cofactor B [Source:HGNC Symbol;Acc:HGNC:1989]	aaccgcatcttttcctcttctgaacatgcacccccagcagccaccagcagTACTCAGGAGGCTGAGGCAGGAGGATCACTTGAACCCAGGAGCTGGAAGT	14.29	89.34	19.65	0.6434	0.4899	0.363636363636364	0.907320528397694
PSPC1	SHFM1	13	19741589	-	7	Unable to predict breakpoint position	-	ENSG00000121390	ENSG00000127922	3	11	49.73	More than 30 homologies found: ENSG00000188352 (57%), ENSG00000228956 (51%), ENSG00000150394 (52%), ENSG00000165105 (51%), ENSG00000274338 (50%), ENSG00000176658 (50%), ENSG00000144847 (50%), ENSG00000133962 (50%), ENSG00000081913 (50%), ENSG00000153046 (50%), ENSG00000132912 (49%), ENSG00000127928 (49%), ENSG00000053108 (49%), ENSG00000106536 (51%), ENSG00000261787 (51%), ENSG00000185306 (50%), ENSG00000166930 (50%), ENSG00000047621 (50%), ENSG00000145687 (50%), ENSG00000144306 (49%), ENSG00000133019 (47%), ENSG00000163219 (49%), ENSG00000145348 (50%), ENSG00000173517 (46%), ENSG00000147255 (49%), ENSG00000008394 (44%), ENSG00000112096 (42%), ENSG00000021645 (43%), ENSG00000084453 (42%), ENSG00000122484 (40%)	inter-chromosomal	paraspeckle component 1 [Source:HGNC Symbol;Acc:HGNC:20320]	split hand/foot malformation (ectrodactyly) type 1 [Source:HGNC Symbol;Acc:HGNC:10845]	cgtcaagaagaactcagacgcttggaagaactcagaaaccaagagttgcaGGGAGGAGCCAAGATGGCCGAATAGGAACAGCTCCAGTCTACAGCTCCCA	77.14	30.34	198.52	0.875	0.7697	0.272727272727273	0.904835625723486
PAGR1	MVP	16	29819902	+	16	29830515	+	ENSG00000280789	ENSG00000013364	4	3	80.86		Read-Through	PAXIP1 associated glutamate-rich protein 1 [Source:HGNC Symbol;Acc:HGNC:28707]	major vault protein [Source:HGNC Symbol;Acc:HGNC:7531]	gaaacctcaagctcccaaacagcacgttgcgggaaagaggaagagagagtTCATCTTCTTGTGAGCCCTGGGCTTAGGAGTCACCATGGCAACTGAAGAG	60.71	12.5	97.89	0.9745	0.6607	0.75	0.904345591956299
GTSE1	TRMU	22	46330810	+	22	46330875	+	ENSG00000075218	ENSG00000100416	9	11	79.22		Read-Through	G-2 and S-phase expressed 1 [Source:HGNC Symbol;Acc:HGNC:13698]	tRNA 5-methylaminomethyl-2-thiouridylate methyltransferase [Source:HGNC Symbol;Acc:HGNC:25481]	tattctagatttacattaaattgtaaaataaatggacttattgaagcataAAGGCTACTATCTAGACTCGAATGCTTTCATACAAGTGATTTTCAAAAAT	74.98	21.81	58.26	0.7629	0.5684	0.818181818181818	0.904299240274645
RMND5A	ANAPC1	2	86741069	+	2	111822600	-	ENSG00000153561	ENSG00000153107	21	20	153.43		intra-chromosomal	required for meiotic nuclear division 5 homolog A [Source:HGNC Symbol;Acc:HGNC:25850]	anaphase promoting complex subunit 1 [Source:HGNC Symbol;Acc:HGNC:19988]	acaaagacatccacagcagtgtttctcgggttggaaaagccattgataagGATTCACTTTAAGAGATTTGGAAACTCTTCCCTTTGGAATTGCTCTTCCC	33.79	36.38	41.28	0.8727	0.4992	0.952380952380952	0.903563104352247
TIMM23B	AGAP6	10	49973142	+	10	49987165	+	ENSG00000204152	ENSG00000204149	3	6	80.2	ENSG00000188234 (50%)	Read-Through	translocase of inner mitochondrial membrane 23 homolog B (yeast) [Source:HGNC Symbol;Acc:HGNC:23581]	ArfGAP with GTPase domain, ankyrin repeat and PH domain 6 [Source:HGNC Symbol;Acc:HGNC:23466]	caactggtgaagtactgagaagaagctacacaaaaggcagcaaagtattaTTGCTCCTTCACATGTTCCCACTCTCTGTGCGGCCACCATGTAAGTCGGA	20.29	22.05	34.5	0.9787	0.8095	0.5	0.903402116929368
CSNK2A3	CSNK2A1	11	11352517	-	20	492334	-	ENSG00000254598	ENSG00000101266	4	1	101.98		inter-chromosomal	casein kinase 2, alpha 3 polypeptide [Source:HGNC Symbol;Acc:HGNC:2458]	casein kinase 2, alpha 1 polypeptide [Source:HGNC Symbol;Acc:HGNC:2457]	gccaagaatataatgtccgagttgcttcccgatacttcaaaggtcctgagTTTTATCATCCTGGCCAAGAATATAATGTCCGAGTTGCTTCCCGATACTT	1.71	65.69	72.06	0.8829	0.9767	0.25	0.901744860684001
POLA2	CDC42EP2	11	65295990	+	11	65320544	+	ENSG00000014138	ENSG00000149798	4	10	95.76		Read-Through	polymerase (DNA directed), alpha 2, accessory subunit [Source:HGNC Symbol;Acc:HGNC:30073]	CDC42 effector protein (Rho GTPase binding) 2 [Source:HGNC Symbol;Acc:HGNC:16263]	tcaccccagatgtcctcatcatcccgtcagagctgaggtacttcgtgaagCTCCTCAGCCCTGGACCGGGGACAAGTAACCCTCGGTGACAAGACCAAAG	52.51	8.9	103.88	0.9137	0.5613	0.4	0.900359565788414
MED9	KNTC1	17	Unable to predict breakpoint position	+	12	122592984	+	ENSG00000141026	ENSG00000184445	3	15	94.65	ENSG00000141458 (100%), ENSG00000185787 (100%), ENSG00000139287 (100%), ENSG00000188419 (100%), ENSG00000187764 (92%), ENSG00000154451 (100%), ENSG00000231160 (100%), ENSG00000240720 (100%), ENSG00000001630 (100%), ENSG00000138028 (96%), ENSG00000172349 (101%), ENSG00000150977 (100%), ENSG00000128487 (100%), ENSG00000000460 (92%), ENSG00000174255 (66%), ENSG00000187621 (64%), ENSG00000179314 (66%), ENSG00000196352 (66%), ENSG00000155849 (73%), ENSG00000176124 (48%), ENSG00000100867 (51%), ENSG00000239605 (48%), ENSG00000281775 (48%), ENSG00000160282 (48%), ENSG00000154040 (41%), ENSG00000114861 (41%), ENSG00000079459 (34%), ENSG00000080709 (31%), ENSG00000101019 (28%)	inter-chromosomal	mediator complex subunit 9 [Source:HGNC Symbol;Acc:HGNC:25487]	kinetochore associated 1 [Source:HGNC Symbol;Acc:HGNC:17255]	tgcagcttcactcctgagcccagcgagaccacgagcccaccgggaggaacGAACAACTCCAGACGCTCTGCCTTAAGAGCTGTAACACTCACTGCGAAGG	14.25	47.58	28.43	0.8878	0.4669	0.2	0.899340459852749
GALT	IL11RA	9	34649564	+	9	34655218	+	ENSG00000213930	ENSG00000137070	3	3	204.85		Read-Through	galactose-1-phosphate uridylyltransferase [Source:HGNC Symbol;Acc:HGNC:4135]	interleukin 11 receptor, alpha [Source:HGNC Symbol;Acc:HGNC:5967]	ttggctacgaaatgcttgctcaggctcagagggacctcacccctgagcagATGAGCAGCAGCTGCTCAGGGCTGAGCAGGGTCCTGGTGGCCGTGGCTAC	11.92	13.83	23.59	0.9001	0.809	1	0.898371895171293
PROX1-AS1	TET2	1	213818348	-	4	105239739	+	ENSG00000230461	ENSG00000168769	4	1	77.63	ENSG00000197961 (80%), ENSG00000163029 (54%), ENSG00000227124 (51%), ENSG00000159063 (42%), ENSG00000135655 (41%), ENSG00000091986 (31%), ENSG00000106460 (29%)	inter-chromosomal	PROX1 antisense RNA 1 [Source:HGNC Symbol;Acc:HGNC:43656]	tet methylcytosine dioxygenase 2 [Source:HGNC Symbol;Acc:HGNC:25941]	cttatcattcctgtgttcactggagtagcacttttaatttccttcaagaaCTTTACATTCACAACTTGGCTAACTGGCATGCAAGGCCTAGCTTTCAGCC	1.66	9.22	52.88	0.9569	0.8284	0.25	0.897769207673829
HGS	PRSS35	17	81697981	+	6	83523422	+	ENSG00000185359	ENSG00000146250	14	23	60.23	More than 30 homologies found: ENSG00000185960 (51%), ENSG00000161714 (50%), ENSG00000135452 (51%), ENSG00000080371 (50%), ENSG00000137807 (51%), ENSG00000175387 (51%), ENSG00000009790 (51%), ENSG00000081760 (51%), ENSG00000052126 (50%), ENSG00000188033 (51%), ENSG00000157036 (50%), ENSG00000123213 (51%), ENSG00000066136 (51%), ENSG00000196712 (52%), ENSG00000153721 (50%), ENSG00000108651 (51%), ENSG00000146966 (51%), ENSG00000116396 (50%), ENSG00000118058 (49%), ENSG00000196417 (51%), ENSG00000181896 (48%), ENSG00000206376 (51%), ENSG00000144115 (50%), ENSG00000187912 (49%), ENSG00000154305 (49%), ENSG00000087266 (51%), ENSG00000086848 (51%), ENSG00000166105 (52%), ENSG00000091536 (50%), ENSG00000164855 (44%)	inter-chromosomal	hepatocyte growth factor-regulated tyrosine kinase substrate [Source:HGNC Symbol;Acc:HGNC:4897]	protease, serine, 35 [Source:HGNC Symbol;Acc:HGNC:21387]	gggctcaagcaatcctcccatctcagcctcttgagtagctgggactacagGACAAAATTAGAAGATCAAAATGGAAAATATGCTGCTTTGGTTGATATTT	47.92	559.23	38.67	0.6552	0.3293	0.608695652173913	0.897565117431026
ZNF782	ZNF510	9	96827082	-	9	96776247	-	ENSG00000196597	ENSG00000081386	4	6	62.1		Read-Through	zinc finger protein 782 [Source:HGNC Symbol;Acc:HGNC:33110]	zinc finger protein 510 [Source:HGNC Symbol;Acc:HGNC:29161]	gatccatggttattagagaaagagaaaggatttctaagcaggaactccccAGGAAGGAGGGAGCCCCAGGAACAGGAGTCCCACCGAAGAACTGCTCTCT	3.58	10.37	5.65	0.9177	0.6841	0.666666666666667	0.893538893171816
TBC1D23	NIT2	3	100320971	+	3	100339087	+	ENSG00000036054	ENSG00000114021	3	1	49.17		Read-Through	TBC1 domain family, member 23 [Source:HGNC Symbol;Acc:HGNC:25622]	nitrilase family, member 2 [Source:HGNC Symbol;Acc:HGNC:29878]	aagtatggaaatagcagtgcttcaggaatagaaatcttggcaatcgaaagCTTTCCGCTTGGCCCTCATCCAGCTTCAGATTTCTTCCATCAAATCAGAT	19.13	13.03	23.26	0.9548	0.8482	0.333333333333333	0.893059520299537
MLX	COA1	17	42571621	+	7	Unable to predict breakpoint position	-	ENSG00000108788	ENSG00000106603	3	1	64.49	More than 30 homologies found: ENSG00000123843 (56%), ENSG00000145703 (64%), ENSG00000138592 (56%), ENSG00000129691 (56%), ENSG00000120457 (56%), ENSG00000130713 (56%), ENSG00000143458 (56%), ENSG00000103544 (57%), ENSG00000162989 (56%), ENSG00000142687 (57%), ENSG00000180626 (56%), ENSG00000173272 (56%), ENSG00000172766 (56%), ENSG00000164406 (56%), ENSG00000115241 (56%), ENSG00000204923 (56%), ENSG00000184220 (56%), ENSG00000050426 (56%), ENSG00000112053 (63%), ENSG00000236287 (56%), ENSG00000109063 (56%), ENSG00000130844 (56%), ENSG00000159882 (57%), ENSG00000135679 (56%), ENSG00000196428 (56%), ENSG00000174151 (56%), ENSG00000113163 (56%), ENSG00000168356 (57%), ENSG00000075413 (55%), ENSG00000120907 (63%)	inter-chromosomal	MLX, MAX dimerization protein [Source:HGNC Symbol;Acc:HGNC:11645]	cytochrome c oxidase assembly factor 1 homolog [Source:HGNC Symbol;Acc:HGNC:21868]	tcctgcaccaattgaaaaaccagctttactgaccggttcttggaaacctgGGAGGTGGAGGTTGCAGTGAGCCAAGATCCTGCCACTGCACTCCAGCCTG	26.37	21.7	95.44	0.8514	0.9174	0.333333333333333	0.890683170736331
PPP1CB	SPDYA	2	28781842	+	2	28783907	+	ENSG00000213639	ENSG00000163806	24	129	172.56	ENSG00000186298 (93%)	Read-Through	protein phosphatase 1, catalytic subunit, beta isozyme [Source:HGNC Symbol;Acc:HGNC:9282]	speedy/RINGO cell cycle regulator family member A [Source:HGNC Symbol;Acc:HGNC:30613]	tctgcctatagcagccattgtggatgagaagatcttctgttgtcatggagGATTGTCACCAGACCTGCAATCTATGGAGCAGATTCGGAGAATTATGAGA	37.32	0.05	16.27	0.9309	0.7471	0.186046511627907	0.890048805342041
ZCCHC2	ZCCHC14	18	62523877	+	16	87492043	-	ENSG00000141664	ENSG00000140948	4	8	95.83		inter-chromosomal	zinc finger, CCHC domain containing 2 [Source:HGNC Symbol;Acc:HGNC:22916]	zinc finger, CCHC domain containing 14 [Source:HGNC Symbol;Acc:HGNC:24134]	aggacctggcgcgcaaggactaccactacctgcgcgactcggaggccaagGCCAACAACCCGGCCGACCTGGGCAGCCTCACCAACCTGACGGACGAGGT	3.91	33.54	6.18	0.8712	0.8105	0.5	0.888946912722523
ZNF146	KCTD6	19	36218194	+	3	Unable to predict breakpoint position	+	ENSG00000167635	ENSG00000168301	3	8	26.71	More than 30 homologies found: ENSG00000164070 (51%), ENSG00000136828 (51%), ENSG00000173272 (51%), ENSG00000180264 (51%), ENSG00000163686 (51%), ENSG00000164944 (51%), ENSG00000154380 (51%), ENSG00000117595 (51%), ENSG00000066629 (51%), ENSG00000048649 (51%), ENSG00000163075 (51%), ENSG00000139218 (51%), ENSG00000163681 (51%), ENSG00000171827 (51%), ENSG00000198453 (51%), ENSG00000179364 (51%), ENSG00000105323 (51%), ENSG00000143603 (51%), ENSG00000180304 (51%), ENSG00000162704 (51%), ENSG00000276887 (51%), ENSG00000276537 (51%), ENSG00000167614 (51%), ENSG00000147586 (46%), ENSG00000130703 (46%), ENSG00000282725 (46%), ENSG00000262246 (46%), ENSG00000103175 (46%), ENSG00000189067 (52%), ENSG00000105516 (47%)	inter-chromosomal	zinc finger protein 146 [Source:HGNC Symbol;Acc:HGNC:12931]	potassium channel tetramerization domain containing 6 [Source:HGNC Symbol;Acc:HGNC:22235]	acttcctgtgttaactccttcctctgccactttttaccttggggacctcaGAGATGGGGTCTTGCCATGTTGCCCAGGCTGGTCTTGAACTCCTGAGCTC	101.97	9.88	62.73	0.7504	0.6772	0.375	0.884413854648701
SLC35E2B	SLC35E2	1	1664105	-	1	1732164	-	ENSG00000189339	ENSG00000215790	9	54	157.83	More than 30 homologies found: ENSG00000073803 (99%), ENSG00000166847 (100%), ENSG00000167785 (100%), ENSG00000134398 (100%), ENSG00000136731 (100%), ENSG00000165914 (100%), ENSG00000122591 (100%), ENSG00000100461 (100%), ENSG00000135297 (98%), ENSG00000128309 (98%), ENSG00000116329 (100%), ENSG00000104938 (103%), ENSG00000136436 (100%), ENSG00000150477 (100%), ENSG00000147679 (100%), ENSG00000188283 (100%), ENSG00000116151 (100%), ENSG00000083844 (100%), ENSG00000189298 (100%), ENSG00000057935 (99%), ENSG00000132563 (97%), ENSG00000142149 (98%), ENSG00000162065 (98%), ENSG00000171815 (99%), ENSG00000130997 (100%), ENSG00000278053 (98%), ENSG00000254901 (100%), ENSG00000121289 (100%), ENSG00000130517 (98%), ENSG00000142405 (100%)	intra-chromosomal	solute carrier family 35, member E2B [Source:HGNC Symbol;Acc:HGNC:33941]	solute carrier family 35, member E2 [Source:HGNC Symbol;Acc:HGNC:20863]	ctggagtacagtggcatgatcttggctcactgcagcctcgacttcctgggCTCAAGTGATCCTCTCGCCTCAGCCTCCTGAGTAGCTGGGACTACAGGTG	35.09	10.83	4.3	0.9532	0.6424	0.166666666666667	0.882687607010887
PPP1R3F	NUBPL	X	49282063	+	14	Unable to predict breakpoint position	+	ENSG00000049769	ENSG00000151413	9	21	32.74	ENSG00000272414 (53%), ENSG00000196335 (53%), ENSG00000156218 (53%), ENSG00000122484 (52%), ENSG00000152061 (52%), ENSG00000106258 (53%), ENSG00000137500 (53%), ENSG00000105852 (53%), ENSG00000197852 (50%), ENSG00000003436 (53%), ENSG00000144029 (53%), ENSG00000139547 (53%), ENSG00000196600 (52%), ENSG00000139679 (53%), ENSG00000196263 (53%), ENSG00000112096 (53%), ENSG00000151338 (53%), ENSG00000111816 (48%), ENSG00000042317 (47%)	inter-chromosomal	protein phosphatase 1, regulatory subunit 3F [Source:HGNC Symbol;Acc:HGNC:14944]	nucleotide binding protein-like [Source:HGNC Symbol;Acc:HGNC:20278]	cactggtagcccccacccctctccgtccatggccccagatgacacttcagGTCTGCTGGAGTTTGCTGGAGGTCCACTCCAGACCCTGTTTGCCTGGGTA	12.63	7.86	53.68	0.8854	0.5158	0.428571428571429	0.882542470586317
CKM	CKB	19	45308456	-	14	103520592	-	ENSG00000104879	ENSG00000166165	4	2	95.36		inter-chromosomal	creatine kinase, muscle [Source:HGNC Symbol;Acc:HGNC:1994]	creatine kinase, brain [Source:HGNC Symbol;Acc:HGNC:1991]	gtgggtgaacgaggaggatcacctccgggtcatctccatggagaagggggGCACAATGACAATAAGACCTTCCTGGTGTGGGTCAACGAGGAGGACCACC	0.24	66.15	83.96	0.9745	0.855	0.5	0.881877274791631
PRSS35	HGS	6	83512695	+	17	81697880	+	ENSG00000146250	ENSG00000185359	17	17	37.23	More than 30 homologies found: ENSG00000108384 (50%), ENSG00000113494 (50%), ENSG00000047578 (50%), ENSG00000162390 (50%), ENSG00000157625 (50%), ENSG00000136213 (50%), ENSG00000088808 (50%), ENSG00000172339 (50%), ENSG00000112078 (50%), ENSG00000005379 (50%), ENSG00000281763 (50%), ENSG00000145592 (50%), ENSG00000116213 (50%), ENSG00000197381 (50%), ENSG00000160072 (50%), ENSG00000173258 (48%), ENSG00000133030 (50%), ENSG00000198625 (50%), ENSG00000117115 (44%), ENSG00000010818 (48%), ENSG00000170915 (50%), ENSG00000072958 (46%), ENSG00000138592 (50%), ENSG00000161243 (44%), ENSG00000128604 (50%), ENSG00000131873 (48%), ENSG00000106344 (50%), ENSG00000250091 (50%), ENSG00000140365 (50%), ENSG00000142864 (50%)	inter-chromosomal	protease, serine, 35 [Source:HGNC Symbol;Acc:HGNC:21387]	hepatocyte growth factor-regulated tyrosine kinase substrate [Source:HGNC Symbol;Acc:HGNC:4897]	gctctgatctcagctgacagtgccctcggggaccaaacaagcctggcaggCCAGGCTGGAGTGCAGTGCCATGATCATGGTTCACTGCAGCCTCGACCTC	559.23	47.92	161.47	0.979	0.8809	1	0.870790280962058
HIATL2	ZNF782	9	96918644	-	9	96827182	-	ENSG00000196312	ENSG00000196597	3	3	47		Read-Through	hippocampus abundant transcript-like 2 [Source:HGNC Symbol;Acc:HGNC:23672]	zinc finger protein 782 [Source:HGNC Symbol;Acc:HGNC:33110]	atgtggaattctccgtccctttccagggagggaacaaagcccacagcaccGGCTACTGCTTTACAAAACCAGAACTGATCTTCACATTGGAACAAGGAGA	9.54	3.58	14.48	0.8772	0.5436	1	0.866275492281554
NDUFB8	SEC31B	10	100526399	-	10	100516960	-	ENSG00000166136	ENSG00000075826	3	1	208.46		Read-Through	NADH dehydrogenase (ubiquinone) 1 beta subcomplex, 8, 19kDa [Source:HGNC Symbol;Acc:HGNC:7703]	SEC31 homolog B, COPII coat complex component [Source:HGNC Symbol;Acc:HGNC:23197]	tgatattcatgtgctgggtgggggacgtgtaccctgtctaccagcctgtgGATAGACCATGAAGCTGAAGGAACTTGAGCGGCCAGCTGTCCAGGCATGG	25.31	3.45	26.44	0.7367	0.6725	0.333333333333333	0.866086121441524
ERV3-1	ZNF117	7	64993146	-	7	64990619	-	ENSG00000213462	ENSG00000152926	4	1	74.36		Read-Through	endogenous retrovirus group 3, member 1 [Source:HGNC Symbol;Acc:HGNC:3454]	zinc finger protein 117 [Source:HGNC Symbol;Acc:HGNC:12897]	ccccagaagctgactagtctatgcacggccgaagcttgagtcatcatcagCATGGCAAGGTCACAAGACATGTTTAAGTAAGGTAGGCTCATGTTGCAAA	11.53	7.74	31.95	0.9503	0.8848	0.25	0.864542447483322
ATXN1L	IST1	16	71883383	+	16	71885252	+	ENSG00000224470	ENSG00000182149	3	4	168.88	ENSG00000102984 (45%)	Read-Through	ataxin 1-like [Source:HGNC Symbol;Acc:HGNC:33279]	increased sodium tolerance 1 homolog (yeast) [Source:HGNC Symbol;Acc:HGNC:28977]	taatcagccgagatggtccctctgcttcttcaagcatgagcccagaatgcCTGAGCCTGCCCTGGCATCGCTTACCTGGAGAAGCAGGGAATGCAGAGGA	30.43	47.49	5.71	0.8985	0.9127	0.75	0.862649583814601
RANBP9	NOL7	6	13621498	-	6	13620873	+	ENSG00000010017	ENSG00000225921	3	3	139.51		Cis	RAN binding protein 9 [Source:HGNC Symbol;Acc:HGNC:13727]	nucleolar protein 7, 27kDa [Source:HGNC Symbol;Acc:HGNC:21040]	taaaatgtagtgatataattaaccagccattaaaaatttacttctacagaTCTAATAAATCATTCATAGATCATTTTAAAGGATCATTATAAAAATCATA	31.38	101.97	33.86	0.9644	0.679	1	0.859247006035741
HIC2	PI4KA	22	21442857	+	22	20734553	-	ENSG00000169635	ENSG00000241973	9	9	221.92		intra-chromosomal	hypermethylated in cancer 2 [Source:HGNC Symbol;Acc:HGNC:18595]	phosphatidylinositol 4-kinase, catalytic, alpha [Source:HGNC Symbol;Acc:HGNC:8983]	cccccgccgctggctgctgctcacatggtgtctgggcccttggcactccgTTCATGCGGGAGATGGCAGGGGCCTGGCACATGACGGTGGAGCAGAAATT	10.33	32.33	9.41	0.9151	0.5488	1	0.85642018495995
SLC16A13	SENP5	17	7040121	+	3	196933309	+	ENSG00000174327	ENSG00000119231	3	1	112.24		inter-chromosomal	solute carrier family 16, member 13 [Source:HGNC Symbol;Acc:HGNC:31037]	SUMO1/sentrin specific peptidase 5 [Source:HGNC Symbol;Acc:HGNC:28407]	cccctagagcaggcctggggctcctgcaatgtgtgtgccaaccctttgtaCCTGGCCAATGTTAAGTATTTTAAAAGTCATTTTAAAATATTTGTCATTG	12.68	19.22	12.4	0.7103	0.6247	0.333333333333333	0.851541250709673
PTGES3L-AARSD1	AARSD1	17	42956486	-	17	42956561	-	ENSG00000108825	ENSG00000266967	3	1	67.96		Read-Through	PTGES3L-AARSD1 readthrough [Source:HGNC Symbol;Acc:HGNC:43946]	alanyl-tRNA synthetase domain containing 1 [Source:HGNC Symbol;Acc:HGNC:28417]	attgagctggacaccccctctatgactgcagagcaagtagctgccattgaGGGAGTTAGGGAGATTTCGGAGTGCGATTGAGCTGGACACCCCCTCTATG	11.22	1	30.8	0.6814	0.5766	0.333333333333333	0.851541250709673
ADGRL1	SUZ12	19	14205985	-	17	31940286	+	ENSG00000072071	ENSG00000178691	6	6	227.67		inter-chromosomal	adhesion G protein-coupled receptor L1 [Source:HGNC Symbol;Acc:HGNC:20973]	SUZ12 polycomb repressive complex 2 subunit [Source:HGNC Symbol;Acc:HGNC:17101]	cgagccgcaggagagacacgctgggccgaccccagagaggcgctggacagAGCCAACACAGATCTATAGATTTCTTCGAACTCGGAATCTCATAGCACCA	47.41	26.04	15	0.9466	0.5498	1	0.849362868129888
PSMB10	CTRL	16	67934799	-	16	67931001	-	ENSG00000205220	ENSG00000141086	3	3	92		Read-Through	proteasome subunit beta 10 [Source:HGNC Symbol;Acc:HGNC:9538]	chymotrypsin-like [Source:HGNC Symbol;Acc:HGNC:2524]	ctggcgccaagctgctgcggacactgagctcacccacagagcccgtgaagAGGACAGCAGCGGCTTCCACTTCTGCGGTGGTTCTCTCATCAGCCAGTCC	15.7	2.53	27.2	0.7771	0.4485	1	0.848454982769758
BTN3A3	BTN3A2	6	26449273	+	6	26373871	+	ENSG00000111801	ENSG00000186470	7	2	127.14		intra-chromosomal	butyrophilin, subfamily 3, member A3 [Source:HGNC Symbol;Acc:HGNC:1140]	butyrophilin, subfamily 3, member A2 [Source:HGNC Symbol;Acc:HGNC:1139]	cagtacatggctcnnatcataactgctttcaaaaactagtccctgaaattGCTCAGTTGGTACAGATAGATCATAACTGCTTTCAAAAACTAGTCCCTGA	6.85	19.26	0.71	0.9589	0.8079	0.285714285714286	0.843407695285198
GKAP1	KIF27	9	83816997	-	9	83908653	-	ENSG00000165113	ENSG00000165115	3	1	227.85		Read-Through	G kinase anchoring protein 1 [Source:HGNC Symbol;Acc:HGNC:17496]	kinesin family member 27 [Source:HGNC Symbol;Acc:HGNC:18632]	agcatcggttaacagcctatgggtgaaatttggctttcattcatgaatgaGCTTCAGTTGTGGAGGGCCAAAAGGGTATCATTCCTCGAGCTATTCAAGA	11.47	7.03	8.76	0.8829	0.9767	0.333333333333333	0.842928608696994
GNAI2	GNAT2	3	50236452	+	1	109610508	-	ENSG00000114353	ENSG00000134183	41	255	27.09	ENSG00000065135 (45%), ENSG00000128266 (38%)	inter-chromosomal	guanine nucleotide binding protein (G protein), alpha inhibiting activity polypeptide 2 [Source:HGNC Symbol;Acc:HGNC:4385]	guanine nucleotide binding protein (G protein), alpha transducing activity polypeptide 2 [Source:HGNC Symbol;Acc:HGNC:4394]	tgcgggaggacggagagaaggcggcgcgggaggtgaagttgctgctgttgGGTGCTGGGGAGTCAGGAAAGAGCACCATCGTCAAACAGATGAAGATCAT	64.11	0.15	271.51	0.9427	0.8172	0.16078431372549	0.839419463507982
PTPRS	IFIT1	19	5158663	-	10	Unable to predict breakpoint position	+	ENSG00000105426	ENSG00000185745	8	32	46	ENSG00000144504 (81%), ENSG00000278533 (69%), ENSG00000278378 (69%), ENSG00000277088 (69%), ENSG00000276982 (69%), ENSG00000275736 (69%), ENSG00000275644 (69%), ENSG00000275551 (69%), ENSG00000274703 (69%), ENSG00000273511 (69%), ENSG00000170909 (69%), ENSG00000104112 (68%), ENSG00000186205 (56%), ENSG00000130921 (42%), ENSG00000101019 (34%), ENSG00000169926 (37%), ENSG00000227471 (36%), ENSG00000213366 (22%)	inter-chromosomal	protein tyrosine phosphatase, receptor type, S [Source:HGNC Symbol;Acc:HGNC:9681]	interferon-induced protein with tetratricopeptide repeats 1 [Source:HGNC Symbol;Acc:HGNC:5407]	agcactctgtaaaatggatcaatcagcactctgtaaaatggaccaatcagCACTCTGTAAAATGGACCAATCAGCTCTCTGTAAAATGGACCAATCAGCA	81.7	3.24	36.83	0.9684	0.787	0.25	0.837078112502472
CCDC137	ZNF585A	17	81673832	+	19	37107695	-	ENSG00000185298	ENSG00000196967	7	32	34.86	ENSG00000159596 (50%)	inter-chromosomal	coiled-coil domain containing 137 [Source:HGNC Symbol;Acc:HGNC:33451]	zinc finger protein 585A [Source:HGNC Symbol;Acc:HGNC:26305]	cgcctctgcccggccgctgtgcaaccttccaagtgtgaagtgacagccttTCTGCAGGTGTACCCAACAGCTCCAAAGAGACAGCGACCATCGAGAACGG	62.31	4.15	49.99	0.9616	0.8062	0.21875	0.819314726699007
TRIM3	HPX	11	6449306	-	11	6440739	-	ENSG00000110171	ENSG00000110169	3	1	136.05		Read-Through	tripartite motif containing 3 [Source:HGNC Symbol;Acc:HGNC:10064]	hemopexin [Source:HGNC Symbol;Acc:HGNC:5171]	actccaatggaaacatcattgtggctgactggggcaacagccgcatccagTCTCCCTAGGACTAGTGCCCATGGGAATGTTGCTGAAGGCGAGACCAAGC	23.99	6.73	24.05	0.7717	0.7423	0.333333333333333	0.810315000588868
EARS2	GGA2	16	23522014	-	16	23521995	-	ENSG00000103356	ENSG00000103365	4	4	112.57		Read-Through	glutamyl-tRNA synthetase 2, mitochondrial [Source:HGNC Symbol;Acc:HGNC:29419]	golgi-associated, gamma adaptin ear containing, ARF binding protein 2 [Source:HGNC Symbol;Acc:HGNC:16064]	cgtaaatgccttagtccatcatctcagtaaattttttttataacactatgTTTTCTGTTACAGATATGGAAACCGAGGTTCTGAAAAGTTAACTAAAACT	10.58	67.75	18.55	0.9733	0.8557	1	0.80852950953959
TYSND1	AIFM2	10	70146533	-	10	70124097	-	ENSG00000156521	ENSG00000042286	8	8	53.07		Read-Through	trypsin domain containing 1 [Source:HGNC Symbol;Acc:HGNC:28531]	apoptosis-inducing factor, mitochondrion-associated, 2 [Source:HGNC Symbol;Acc:HGNC:21411]	gaaggcagtgggggtctgccatgagggcggccgagcaggcgggctgcatgTGCCTGATTTGAGATGGGGTCCCAGGTCTCGGTGGAATCGGGAGCTCTGC	83.56	15.66	26.13	0.9679	0.7867	1	0.808500771326612
HLA-B	HLA-C	6	31356688	-	6	31271348	-	ENSG00000234745	ENSG00000204525	9	385	82.88	ENSG00000237216 (81%), ENSG00000235680 (81%), ENSG00000235346 (81%), ENSG00000204632 (81%), ENSG00000276051 (81%), ENSG00000233095 (81%), ENSG00000230413 (81%), ENSG00000206506 (81%), ENSG00000232126 (50%), ENSG00000223532 (50%), ENSG00000206450 (50%), ENSG00000233841 (56%), ENSG00000206452 (50%), ENSG00000206435 (50%), ENSG00000228299 (56%), ENSG00000237022 (50%), ENSG00000225691 (45%), ENSG00000235657 (33%), ENSG00000231834 (33%), ENSG00000227715 (33%), ENSG00000206503 (33%)	Read-Through	major histocompatibility complex, class I, B [Source:HGNC Symbol;Acc:HGNC:4932]	major histocompatibility complex, class I, C [Source:HGNC Symbol;Acc:HGNC:4933]	ccgagagagcctgcggaacctgcgcggctactacaaccagagcgaggccgGGTCTCACACCCTCCAGAGGATGTCTGGCTGCGACCTGGGGCCCGACGGG	7.44	58.9	219.21	0.9353	0.8844	0.0233766233766234	0.805237845015474
SFT2D2	TBX19	1	168243069	+	1	168291160	+	ENSG00000213064	ENSG00000143178	3	1	94.61		Read-Through	SFT2 domain containing 2 [Source:HGNC Symbol;Acc:HGNC:25140]	T-box 19 [Source:HGNC Symbol;Acc:HGNC:11596]	aagtgactctgctttagacaagcccctggagagcctggccatggagtgagACGGATGTTTCCAGTCCTAAAGATTAGTGTCACAGGGTTGGACCCCAATG	21.85	3.32	0.94	0.8285	0.867	0.333333333333333	0.799613327948288
CGREF1	KHK	2	27099767	-	2	27099438	+	ENSG00000138028	ENSG00000138030	3	1	118.88		Cis	cell growth regulator with EF-hand domain 1 [Source:HGNC Symbol;Acc:HGNC:16962]	ketohexokinase (fructokinase) [Source:HGNC Symbol;Acc:HGNC:6315]	ggaggggagaaggcgatgcagccgcaatggtagtctccatggtgtgtgagGAAAGGGGCTGTGCTTGTCTGTGCCTGGGCTGAGGAGGGCGCCGACGCCC	9.88	58.19	11.5	0.7489	0.6961	0.333333333333333	0.794347028914406
ISY1	ISY1-RAB43	3	129145775	-	3	129145796	-	ENSG00000240682	ENSG00000261796	3	1	104.78		Read-Through	ISY1 splicing factor homolog [Source:HGNC Symbol;Acc:HGNC:29201]	ISY1-RAB43 readthrough [Source:HGNC Symbol;Acc:HGNC:42969]	gctgctaagggagaaaggacactgggaggtccggataaaggagctgggagGTCCGGATAAAGGAGCTGGGAGGTCCTGATTATGGAAAAGTTGGCCCTAA	6.69	6.95	19.11	0.6145	0.4822	0.333333333333333	0.793912102703568
EXOC3	LRRK1	5	471889	+	15	101073503	+	ENSG00000180104	ENSG00000154237	8	1	95.63		inter-chromosomal	exocyst complex component 3 [Source:HGNC Symbol;Acc:HGNC:30378]	leucine-rich repeat kinase 1 [Source:HGNC Symbol;Acc:HGNC:18608]	aaaagctatcaatgggaaattgtggacttttcccaccagggactcaatggCACCCTGAGCGGCAAGTCCCGCTTTTCTAGAGGAGGAGCAAGTACTCCAA	23.96	4.06	42.81	0	0.1354	0.125	0.783154980174498
ATAD3A	ATAD3B	1	1529304	+	1	1490609	+	ENSG00000197785	ENSG00000160072	8	2	116.94		Read-Through	ATPase family, AAA domain containing 3A [Source:HGNC Symbol;Acc:HGNC:25567]	ATPase family, AAA domain containing 3B [Source:HGNC Symbol;Acc:HGNC:24007]	ggaagtgctcggaggtcgctcggctgacggagggcatgtcgggccgggagGTCGCTCGGCTGACGGAGGGCATGTCGGGCCGGGAGATCGCTCAGCTGGC	13.33	0.75	26.29	0.6495	0.529	0.25	0.782722106801888
FADS2	CINP	11	61849789	+	14	102343724	-	ENSG00000134824	ENSG00000100865	4	5	332.83	More than 30 homologies found: ENSG00000108370 (82%), ENSG00000136048 (71%), ENSG00000135114 (80%), ENSG00000181873 (72%), ENSG00000142149 (67%), ENSG00000052344 (69%), ENSG00000152767 (79%), ENSG00000168303 (72%), ENSG00000137413 (67%), ENSG00000120306 (68%), ENSG00000072135 (70%), ENSG00000114491 (70%), ENSG00000119720 (70%), ENSG00000213658 (70%), ENSG00000008838 (67%), ENSG00000101000 (68%), ENSG00000181938 (65%), ENSG00000117280 (63%), ENSG00000197162 (68%), ENSG00000071539 (65%), ENSG00000151233 (64%), ENSG00000033050 (63%), ENSG00000164164 (63%), ENSG00000135451 (66%), ENSG00000197380 (64%), ENSG00000132323 (62%), ENSG00000089234 (61%), ENSG00000119004 (68%), ENSG00000197734 (60%), ENSG00000176597 (64%)	inter-chromosomal	fatty acid desaturase 2 [Source:HGNC Symbol;Acc:HGNC:3575]	cyclin-dependent kinase 2 interacting protein [Source:HGNC Symbol;Acc:HGNC:23789]	aaattgaaggccagctgtggtggctcacacctgtaatcccagcgctttggGAGGCCGAGGCAGGAGGATCGCTTAAGCCTGGGAGTTAAAGGCTGCAATG	377.7	18.56	274.34	0.8883	0.5531	0.8	0.78199233320393
GLT8D1	GNL3	3	52694485	-	3	52693649	+	ENSG00000016864	ENSG00000163938	3	1	72.58		Cis	glycosyltransferase 8 domain containing 1 [Source:HGNC Symbol;Acc:HGNC:24870]	guanine nucleotide binding protein-like 3 (nucleolar) [Source:HGNC Symbol;Acc:HGNC:29931]	ttgtaacctgtggcctgatctgtaaataaaacttacatttttcaataggtATAAGAGCCATCAAGGGCCCTCATTTGGCCAATAGCATCCTTTTCCAGTC	25.07	73.7	30.49	0.6145	0.4822	0.333333333333333	0.774499891457744
ASPA	TIGD1	17	3500126	+	2	232549530	-	ENSG00000108381	ENSG00000221944	3	18	96.52	ENSG00000227124 (81%), ENSG00000113621 (72%), ENSG00000139218 (75%), ENSG00000173077 (55%), ENSG00000091986 (42%)	inter-chromosomal	aspartoacylase [Source:HGNC Symbol;Acc:HGNC:756]	tigger transposable element derived 1 [Source:HGNC Symbol;Acc:HGNC:14523]	ccaaagcatgacccacagcaaggccctaactctcttcaattctgtgaaggCTGAGAGAGGTGTGGAAGCTGCAGAAGAAAAGTTTGAAGCTAGCAGAGGT	3.4	18.39	89.23	0.9322	0.5563	0.166666666666667	0.770509728697686
EIF4A1	SENP3-EIF4A1	17	7577426	+	17	7577391	+	ENSG00000161960	ENSG00000277957	36	11	86.91		Read-Through	eukaryotic translation initiation factor 4A1 [Source:HGNC Symbol;Acc:HGNC:3282]	SENP3-EIF4A1 readthrough (NMD candidate) [Source:HGNC Symbol;Acc:HGNC:49182]	gtgcttgaggtgaccaagaagttcatgagggaccccattcggattcttgtCAAGAAGTTCATGAGGGACCCCATTCGGATTCTTGTCAAGAAGGAAGAGT	22.89	20.04	3.41	0.7274	0.6528	0.305555555555556	0.758525619079243
PLEKHO2	ANKDD1A	15	64861575	+	15	64921921	+	ENSG00000241839	ENSG00000166839	5	2	90.53		Read-Through	pleckstrin homology domain containing, family O member 2 [Source:HGNC Symbol;Acc:HGNC:30026]	ankyrin repeat and death domain containing 1A [Source:HGNC Symbol;Acc:HGNC:28002]	tgcgagggggccagcgacgccggccaccaacgagagtccacctgaaggagTTTGGGATGAATGCGCTTCTCCTGTCTGCCTGGTTCGGCCACTTACGAAT	9.24	2.8	2.44	0.7172	0.6366	0.4	0.754628570063674
C21orf59	TCP10L	21	32603161	-	21	32582415	-	ENSG00000159079	ENSG00000242220	3	18	62.24		Read-Through	chromosome 21 open reading frame 59 [Source:HGNC Symbol;Acc:HGNC:1301]	t-complex 10-like [Source:HGNC Symbol;Acc:HGNC:11657]	actacgtggggaagaatgaaaaaaccaaaattatcgccaagattcagcaaCCATTACAGCAGCAGATCATCAGACTCCACCAAGAGCTTGGGAGACAGAA	39.28	1	133.86	0.8892	0.5015	0.166666666666667	0.733217517726931
ATP5L2	ATP5L	22	Unable to predict breakpoint position	-	11	118406180	+	ENSG00000249222	ENSG00000167283	91	6	212.25	ENSG00000234623 (55%), ENSG00000234096 (55%), ENSG00000137345 (55%), ENSG00000236561 (59%), ENSG00000230885 (59%), ENSG00000204655 (59%), ENSG00000162769 (51%), ENSG00000135452 (50%), ENSG00000136933 (57%), ENSG00000181904 (47%), ENSG00000162598 (49%), ENSG00000232641 (59%), ENSG00000166483 (57%), ENSG00000116138 (56%), ENSG00000244038 (39%), ENSG00000205085 (36%), ENSG00000156381 (36%), ENSG00000156467 (31%), ENSG00000139767 (38%), ENSG00000186684 (38%)	inter-chromosomal	ATP synthase, H+ transporting, mitochondrial Fo complex, subunit G2 [Source:HGNC Symbol;Acc:HGNC:13213]	ATP synthase, H+ transporting, mitochondrial Fo complex, subunit G [Source:HGNC Symbol;Acc:HGNC:14247]	tctcaaataaataaataaataaataaataaataaataaataaataaataaATAAAAAATGTCTTCCTCTTTCTGAAATCACTACTGCAGTCTCACAACTA	24.02	9.2	36.36	0.8883	0.5962	0.0659340659340659	0.718241607080814
SSX3	TEX9	X	48346805	-	15	56383951	+	ENSG00000165584	ENSG00000151575	3	2	33.04		inter-chromosomal	synovial sarcoma, X breakpoint 3 [Source:HGNC Symbol;Acc:HGNC:11337]	testis expressed 9 [Source:HGNC Symbol;Acc:HGNC:29585]	tctgttagatattaacattttcactgatgagcaaaagctaaggaaataatAAGAGATCGGCAAGAAGTACGATCTAGGCCTGTTTCAACACAAATGAAAT	10.55	8.26	8.63	0.5107	0.3723	0.666666666666667	0.712054848706889
HMG20B	MFSD12	19	3574055	+	19	3573800	-	ENSG00000064961	ENSG00000161091	4	6	73.03		intra-chromosomal	high mobility group 20B [Source:HGNC Symbol;Acc:HGNC:5002]	major facilitator superfamily domain containing 12 [Source:HGNC Symbol;Acc:HGNC:28299]	ccacttccactccttgggggcggcaccctccggatgggggcggggcctagCTCCTCCTCGTGGGACCCCTTCTCGCCCGCGCGTGGACCCTCGCCGCGCT	69.03	20.96	34.56	0.4173	0.3082	0.666666666666667	0.702904694989003
RPL13A	DUSP18	19	49491758	+	22	30654341	-	ENSG00000142541	ENSG00000167065	48	12	459.12		inter-chromosomal	ribosomal protein L13a [Source:HGNC Symbol;Acc:HGNC:10304]	dual specificity phosphatase 18 [Source:HGNC Symbol;Acc:HGNC:18484]	ggaagaagaaacagctcatgaggctacggaaacaggccgagaagaacgtgGAGAAGAGGAAGGAGAAGGCCAAGATCCACTACCAGAATAAGAAACAGCT	376.63	3.72	43.61	0.7205	0.6234	0.25	0.702077375875267
PNISR	CLU	6	99411738	-	8	27599170	-	ENSG00000132424	ENSG00000120885	6	21	95.68	More than 30 homologies found: ENSG00000134684 (77%), ENSG00000110200 (69%), ENSG00000173611 (75%), ENSG00000134398 (80%), ENSG00000116641 (69%), ENSG00000065923 (69%), ENSG00000132718 (72%), ENSG00000005436 (64%), ENSG00000178950 (69%), ENSG00000149305 (67%), ENSG00000127314 (71%), ENSG00000133704 (73%), ENSG00000178171 (59%), ENSG00000221994 (73%), ENSG00000166257 (71%), ENSG00000140650 (68%), ENSG00000123213 (55%), ENSG00000277104 (71%), ENSG00000276234 (71%), ENSG00000125741 (58%), ENSG00000130544 (68%), ENSG00000053524 (61%), ENSG00000172273 (55%), ENSG00000160991 (55%), ENSG00000177663 (74%), ENSG00000169213 (56%), ENSG00000198015 (56%), ENSG00000153246 (72%), ENSG00000023228 (67%), ENSG00000077232 (54%)	inter-chromosomal	PNN-interacting serine/arginine-rich protein [Source:HGNC Symbol;Acc:HGNC:21222]	clusterin [Source:HGNC Symbol;Acc:HGNC:2095]	taaaacttagtcaggcatagaggcgcatgcctgtagtcccagctacttggGAGGCTGAGGTGGGAGGATTGCCTGAGCCCTGAAGTGGAGGCTGCAGTGA	79.82	63.64	39.49	0.8006	0.3963	0.285714285714286	0.693486721176026
CALR	NCL	19	12943874	+	2	231461699	-	ENSG00000179218	ENSG00000115053	7	22	148.54		inter-chromosomal	calreticulin [Source:HGNC Symbol;Acc:HGNC:1455]	nucleolin [Source:HGNC Symbol;Acc:HGNC:7667]	aggacaaagatgaggatgaggaggatgaggaggacaaggaggaagatgagGACAGTGAGGAGGATGAGGAGGATGACGAGGACGAGGATGAGGATGAAGA	478.95	143.99	2198.76	0.7601	0.6295	0.318181818181818	0.69136160742653
BTN2A2	BTN2A1	6	26393424	+	6	26468950	+	ENSG00000124508	ENSG00000112763	3	3	82.46		intra-chromosomal	butyrophilin, subfamily 2, member A2 [Source:HGNC Symbol;Acc:HGNC:1137]	butyrophilin, subfamily 2, member A1 [Source:HGNC Symbol;Acc:HGNC:1136]	gaatccacaggaccaccagaagggagagggaaccagatatgcagatcagaGAGAGAGGAATCCACAGGACCACCAGAGAGGAGAGGGAACCAGATATGCA	5.4	43.42	5.47	0.88	0.504	1	0.688272591484375
ARL6IP1	SLC28A2	16	18792753	-	15	Unable to predict breakpoint position	+	ENSG00000170540	ENSG00000137860	6	67	60.77	More than 30 homologies found: ENSG00000130997 (64%), ENSG00000188283 (54%), ENSG00000088756 (53%), ENSG00000105613 (53%), ENSG00000122741 (53%), ENSG00000100225 (53%), ENSG00000253731 (54%), ENSG00000125744 (56%), ENSG00000230989 (51%), ENSG00000072133 (51%), ENSG00000176979 (53%), ENSG00000176531 (53%), ENSG00000167523 (53%), ENSG00000100034 (53%), ENSG00000160199 (67%), ENSG00000112137 (53%), ENSG00000253729 (53%), ENSG00000127507 (53%), ENSG00000142408 (50%), ENSG00000119917 (50%), ENSG00000013293 (50%), ENSG00000152465 (50%), ENSG00000107262 (50%), ENSG00000105639 (50%), ENSG00000091986 (50%), ENSG00000029153 (50%), ENSG00000137221 (50%), ENSG00000140451 (51%), ENSG00000133247 (51%), ENSG00000182621 (51%)	inter-chromosomal	ADP-ribosylation factor-like 6 interacting protein 1 [Source:HGNC Symbol;Acc:HGNC:697]	solute carrier family 28 (concentrative nucleoside transporter), member 2 [Source:HGNC Symbol;Acc:HGNC:11002]	agaccaagtttaccacttctgatgaagagaccaattaagattcattcctcGGCCGGGCTCAGTGGCTCATGCCTGTAATCCCAGCACTTTGGGAGGCCGA	153.04	1.13	279.95	0.9177	0.6365	0.0895522388059701	0.688243872257956
AKR1C3	AKR1C1	10	5097550	+	10	4999277	+	ENSG00000196139	ENSG00000187134	23	182	199.38	ENSG00000198610 (89%), ENSG00000151632 (50%)	Read-Through	aldo-keto reductase family 1, member C3 [Source:HGNC Symbol;Acc:HGNC:386]	aldo-keto reductase family 1, member C1 [Source:HGNC Symbol;Acc:HGNC:384]	aattggactatgttgacctctatcttattcattctccaatgtctctaaagCCAGGTGAGGAAGTGATCCCAAAAGATGAAAATGGAAAAATACTATTTGA	1.63	0.72	16.53	0.7013	0.5968	0.126373626373626	0.683542318352767
CALM3	CALML3	19	46601434	+	10	5525086	+	ENSG00000160014	ENSG00000178363	9	534	29.55		inter-chromosomal	calmodulin 3 (phosphorylase kinase, delta) [Source:HGNC Symbol;Acc:HGNC:1449]	calmodulin-like 3 [Source:HGNC Symbol;Acc:HGNC:1452]	gccgccggaggaaccttgatccccgtgctccggacaccccgggcctcgccATGGCCGACCAGCTGACTGAGGAGCAGGTCACAGAATTCAAGGAGGCCTT	370.73	0	334.84	0.9286	0.8335	0.0168539325842697	0.66241297073601
HIST2H3PS2	HIST2H2BF	1	143905579	-	1	149812310	-	ENSG00000203818	ENSG00000203814	3	5	54.82	ENSG00000183598 (49%)	intra-chromosomal	histone cluster 2, H3, pseudogene 2 [Source:HGNC Symbol;Acc:HGNC:32060]	histone cluster 2, H2bf [Source:HGNC Symbol;Acc:HGNC:24700]	gcccaaggacatccagttggtcagccgcatccgcggggagcgggcctaagCGAAATCCGCTCCTGCTCCCAAGAAGGGCTCCAAAAAGGCTGTTACGAAA	7.37	6.86	5.07	0.5918	0.4536	0.6	0.661488302090465
MT1F	MT1A	16	56658086	+	16	56639264	+	ENSG00000198417	ENSG00000205362	7	104	47.64	ENSG00000244020 (96%), ENSG00000205358 (81%), ENSG00000169715 (79%), ENSG00000126005 (64%), ENSG00000125148 (51%), ENSG00000205364 (22%)	intra-chromosomal	metallothionein 1F [Source:HGNC Symbol;Acc:HGNC:7398]	metallothionein 1A [Source:HGNC Symbol;Acc:HGNC:7393]	tccagtctctcctcggcttgcaatggaccccaactgctcctgcgccgctgGTGGCTCCTGCACCTGCACTGGCTCCTGCAAATGCAAAGAGTGCAAATGC	8.18	0	110.54	0.9267	0.75	0.0673076923076923	0.656006222699361
SLFN11	SLFN13	17	35360243	-	17	35442286	-	ENSG00000172716	ENSG00000154760	9	22	83.77		intra-chromosomal	schlafen family member 11 [Source:HGNC Symbol;Acc:HGNC:26633]	schlafen family member 13 [Source:HGNC Symbol;Acc:HGNC:26481]	caagaaaggcctggaacataaaaaggaactccagcaacttttattttcagTTCCACCAGGACATTTGGAATGTACTCCAGAGTCCCTCTGGAAGGAGCTG	82.44	1.42	90.54	0.6077	0.5684	0.409090909090909	0.653902741683943
GSTM2	ATG7	1	109669852	+	3	11348585	+	ENSG00000213366	ENSG00000197548	8	103	44.35	ENSG00000000460 (100%), ENSG00000082293 (100%), ENSG00000127720 (95%), ENSG00000101019 (101%), ENSG00000100867 (100%), ENSG00000147133 (97%), ENSG00000227471 (100%), ENSG00000187621 (100%), ENSG00000186205 (97%), ENSG00000130921 (95%), ENSG00000141458 (83%), ENSG00000141026 (83%), ENSG00000184445 (64%), ENSG00000001630 (64%), ENSG00000239605 (67%), ENSG00000128487 (59%), ENSG00000105426 (48%), ENSG00000050767 (50%), ENSG00000185787 (41%), ENSG00000240720 (33%), ENSG00000154451 (42%)	inter-chromosomal	glutathione S-transferase mu 2 (muscle) [Source:HGNC Symbol;Acc:HGNC:4634]	autophagy related 7 [Source:HGNC Symbol;Acc:HGNC:16935]	ttgtggtcttgctgacttcaggggtgaagccgcagaccttcgcagtgagtGTTACAGCTCTTAAAGGTGGTGTGGACCCAAAGAGTGAGCAGCAGCAAGA	2.09	7.88	68.05	0.9514	0.6389	0.0776699029126214	0.636813180109944
HACD3	UNC80	15	65566167	+	2	209795126	+	ENSG00000074696	ENSG00000144406	4	1	69.88	ENSG00000253710 (50%), ENSG00000144644 (50%), ENSG00000196177 (53%), ENSG00000183323 (50%), ENSG00000153237 (50%), ENSG00000172260 (50%), ENSG00000269834 (51%)	inter-chromosomal	3-hydroxyacyl-CoA dehydratase 3 [Source:HGNC Symbol;Acc:HGNC:24175]	unc-80 homolog (C. elegans) [Source:HGNC Symbol;Acc:HGNC:26582]	gcctggactttattgttcatatcactatcagcatttttgtcgaagccattCAGGCTGAGGTGGTCTCAGATGGAGATGAGGAACTTGTAGGGAACTGGAG	127.03	0.74	28.37	0.0909	0.1581	0.25	0.63238128906046
PBX4	P3H4	19	19563675	-	17	Unable to predict breakpoint position	-	ENSG00000105717	ENSG00000141696	3	15	73.55	More than 30 homologies found: ENSG00000186567 (64%), ENSG00000189376 (57%), ENSG00000148734 (56%), ENSG00000137845 (57%), ENSG00000160051 (59%), ENSG00000156381 (56%), ENSG00000078295 (56%), ENSG00000241644 (56%), ENSG00000196072 (56%), ENSG00000090487 (56%), ENSG00000121578 (56%), ENSG00000141027 (57%), ENSG00000151576 (57%), ENSG00000147996 (57%), ENSG00000053372 (57%), ENSG00000130204 (58%), ENSG00000137648 (58%), ENSG00000122591 (56%), ENSG00000101082 (56%), ENSG00000173214 (56%), ENSG00000151532 (56%), ENSG00000237495 (56%), ENSG00000231325 (56%), ENSG00000228883 (56%), ENSG00000226404 (56%), ENSG00000206404 (56%), ENSG00000204428 (56%), ENSG00000111971 (56%), ENSG00000188283 (56%), ENSG00000149547 (56%)	inter-chromosomal	pre-B-cell leukemia homeobox 4 [Source:HGNC Symbol;Acc:HGNC:13403]	prolyl 3-hydroxylase family member 4 (non-enzymatic) [Source:HGNC Symbol;Acc:HGNC:16946]	gaggaggggcaggagccacattcgaggcctcctgccggctgaggggctggGTGCGGTGGCTCACACCTGTAATCCCAGCATTTTGGGAGGCCAAGGTGGG	6.25	14.56	13.27	0.1788	0.193	0.2	0.63115446859774
RAP2A	RAP2B	13	97434764	+	3	153162901	+	ENSG00000125249	ENSG00000181467	8	1	67.38		inter-chromosomal	RAP2A, member of RAS oncogene family [Source:HGNC Symbol;Acc:HGNC:9861]	RAP2B, member of RAS oncogene family [Source:HGNC Symbol;Acc:HGNC:9862]	acagcctcgtcaaccagcagagcttccaggacatcaagcccatgcgggacCTGTACATCAAGAACGGCCAGGGCTTCATCCTGGTCTACAGCCTCGTCAA	35	18.76	29.99	0.8985	0.9953	0.125	0.588868559685581
RAB18	SVIL	10	27509931	+	10	29522435	-	ENSG00000099246	ENSG00000197321	9	1	100.85		intra-chromosomal	RAB18, member RAS oncogene family [Source:HGNC Symbol;Acc:HGNC:14244]	supervillin [Source:HGNC Symbol;Acc:HGNC:11480]	ttgaggttcacagatgatacgtttgatccagaacttgcagcaacaataggAGCAAAACCATGTCTATTAAAGAAAGATTGGCACTGTTGAAGAAAAGCGG	32.9	8.63	72.9	0.9237	0.9906	0.111111111111111	0.566444217332345
CLN6	CALML4	15	68218536	-	15	68199681	-	ENSG00000128973	ENSG00000129007	8	4	94.61		Read-Through	ceroid-lipofuscinosis, neuronal 6, late infantile, variant [Source:HGNC Symbol;Acc:HGNC:2077]	calmodulin-like 4 [Source:HGNC Symbol;Acc:HGNC:18445]	acttcacactgcagaactgggttctggactttgggcgtcccattgccatgAGTACAAGGAATGCTTCTCCCTGTATGACAAGCAGCAGAGGGGGAAGATA	62.44	3.37	52.43	0.7398	0.5668	0.5	0.562374929580296
PTOV1	MED25	19	49855077	+	19	49834986	+	ENSG00000104960	ENSG00000104973	5	148	116.45		Read-Through	prostate tumor overexpressed 1 [Source:HGNC Symbol;Acc:HGNC:9632]	mediator complex subunit 25 [Source:HGNC Symbol;Acc:HGNC:28845]	gagactgcgactcgctcaaggggctctgccgcatcatgggcaacggcttcGCGGGCTGCGTGCACTTCCCCCACACGGCGCCCTGTGAGGTGCGCGTGCT	83.81	37.88	139.53	0.8991	0.7492	0.0337837837837838	0.556509386581961
RNF123	CROCC	3	49691247	+	1	16936637	+	ENSG00000164068	ENSG00000058453	9	2	157.1		inter-chromosomal	ring finger protein 123 [Source:HGNC Symbol;Acc:HGNC:21148]	ciliary rootlet coiled-coil, rootletin [Source:HGNC Symbol;Acc:HGNC:21299]	ccgcaagagctataggctgacctcagatgctgagaaatccagggtcacagGGACCTGCTGCAGCTGGGAGGGGAGCTGGCCCGGACATCACGAGCTGTCC	14.29	27.22	20.78	0.5657	0.4258	0.222222222222222	0.555619606248579
DNAJC7	CNP	17	41985392	-	17	41974472	+	ENSG00000168259	ENSG00000173786	6	9	97.93	More than 30 homologies found: ENSG00000136213 (90%), ENSG00000056277 (94%), ENSG00000104866 (92%), ENSG00000075239 (87%), ENSG00000073060 (92%), ENSG00000130589 (93%), ENSG00000092445 (82%), ENSG00000197774 (80%), ENSG00000158006 (89%), ENSG00000131174 (93%), ENSG00000051620 (84%), ENSG00000159173 (89%), ENSG00000126882 (80%), ENSG00000134460 (74%), ENSG00000091592 (87%), ENSG00000214491 (90%), ENSG00000142583 (91%), ENSG00000179820 (93%), ENSG00000188549 (87%), ENSG00000071282 (85%), ENSG00000146166 (82%), ENSG00000168785 (96%), ENSG00000275326 (79%), ENSG00000173327 (100%), ENSG00000235222 (84%), ENSG00000168970 (81%), ENSG00000167088 (75%), ENSG00000139351 (95%), ENSG00000151320 (91%), ENSG00000163900 (73%)	Cis	DnaJ (Hsp40) homolog, subfamily C, member 7 [Source:HGNC Symbol;Acc:HGNC:12392]	2',3'-cyclic nucleotide 3' phosphodiesterase [Source:HGNC Symbol;Acc:HGNC:2158]	ttttccttttttttttttttttaattcaggatccagctctgtcacccaggCTGGAGTGCAGTGGTGCGATCATGGCTCACTGCAGCCTCGAACTCCTGGG	17.19	23.98	24.59	0.3725	0.2808	0.666666666666667	0.542179426121552
C14orf37	HMGB1	14	58139211	-	13	30461434	-	ENSG00000139971	ENSG00000189403	3	4	78.17	ENSG00000074621 (44%)	inter-chromosomal	chromosome 14 open reading frame 37 [Source:HGNC Symbol;Acc:HGNC:19846]	high mobility group box 1 [Source:HGNC Symbol;Acc:HGNC:4983]	tgcggaaaaagggcagtccgataagatgaacaccgatgaccgaagaggagGAGGAAGATGAAGAGGATGAGGAGGAGGAGGAAGATGAAGAAGATGAAGA	5.94	146.67	27.43	0.1536	0.1781	0.75	0.542179426121552
CPM	NNT	12	68963189	-	5	43602776	+	ENSG00000135678	ENSG00000112992	3	2	33.75		inter-chromosomal	carboxypeptidase M [Source:HGNC Symbol;Acc:HGNC:2311]	nicotinamide nucleotide transhydrogenase [Source:HGNC Symbol;Acc:HGNC:7863]	atttcttccttctgcgtatgggacaggaccctttctggaatgggggtcttACCTGTTTCTTTGTTCTGATGGGACCCCAGAGAGGACATCACGCTTTGTA	2.18	47.81	13.66	0.3331	0.2652	0.666666666666667	0.540870135522356
NSUN5	ZNF609	7	73307412	-	15	Unable to predict breakpoint position	+	ENSG00000130305	ENSG00000180357	3	3	80.8	More than 30 homologies found: ENSG00000141698 (52%), ENSG00000160588 (50%), ENSG00000165863 (50%), ENSG00000234456 (50%), ENSG00000106384 (50%), ENSG00000104205 (50%), ENSG00000158869 (50%), ENSG00000142197 (60%), ENSG00000196967 (50%), ENSG00000183696 (50%), ENSG00000131174 (50%), ENSG00000114999 (50%), ENSG00000198015 (50%), ENSG00000126070 (50%), ENSG00000085382 (50%), ENSG00000145779 (50%), ENSG00000079841 (50%), ENSG00000197162 (50%), ENSG00000175727 (50%), ENSG00000167487 (50%), ENSG00000276043 (50%), ENSG00000185869 (50%), ENSG00000186976 (50%), ENSG00000186496 (50%), ENSG00000149609 (50%), ENSG00000141485 (50%), ENSG00000177138 (47%), ENSG00000025770 (50%), ENSG00000062038 (50%), ENSG00000100209 (49%)	inter-chromosomal	NOP2/Sun domain family, member 5 [Source:HGNC Symbol;Acc:HGNC:16385]	zinc finger protein 609 [Source:HGNC Symbol;Acc:HGNC:29003]	tatttcaagagacaaggtttctcctatcagggtcgggcttccagcctcgaTGGAGTGCAGTGGTGTGATCTGGGCTCACTGCAACCTCTGCCTCCTGGGT	5.92	26.85	62.95	0.9055	0.4772	1	0.534510760039445
PCBP2	PCBP1	12	53467294	+	2	70088521	+	ENSG00000197111	ENSG00000169564	32	363	204.19	ENSG00000179818 (50%)	inter-chromosomal	poly(rC) binding protein 2 [Source:HGNC Symbol;Acc:HGNC:8648]	poly(rC) binding protein 1 [Source:HGNC Symbol;Acc:HGNC:8647]	atgcaacagtctcattttcccatgacgcatggcaacaccggattcagtggATTGACTCCAGCTCTCCAGAGGTGAAAGGCTATTGGGCAAGTTTGGATGC	45.42	51.6	124.07	0.9154	0.8874	0.0881542699724518	0.521223692696987
NKIRAS2	FBXL5	17	42022515	+	4	15681679	-	ENSG00000168256	ENSG00000118564	3	2	47.42		inter-chromosomal	NFKB inhibitor interacting Ras-like 2 [Source:HGNC Symbol;Acc:HGNC:17898]	F-box and leucine-rich repeat protein 5 [Source:HGNC Symbol;Acc:HGNC:13602]	agagcaggtgcgtttctatgacacccgggggctccgagatggggccgaacACTTTTCCACTTCCCTACGCTCTGTCGGCAGTCTCGCGGGATTTCCGCCT	20.29	43.66	21.85	0	0.1354	0.666666666666667	0.521034216357318
BET1	GIMAP5	7	94004204	-	7	150749749	+	ENSG00000105829	ENSG00000196329	6	34	67.49		intra-chromosomal	Bet1 golgi vesicular membrane trafficking protein [Source:HGNC Symbol;Acc:HGNC:14562]	GTPase, IMAP family member 5 [Source:HGNC Symbol;Acc:HGNC:18005]	gccccgcacccgccttttctctctctcctctggcaggatgaggcgtgcagGCCTGGGTGAAGGAATACCTCCTGACAACTCCGGGAATGATGGCTATGCT	10.82	0.1	51.75	0.7653	0.5787	0.176470588235294	0.518107730884902
MRPS25	NR2C2	3	15049836	-	3	15043356	+	ENSG00000131368	ENSG00000177463	6	2	160.01	More than 30 homologies found: ENSG00000276230 (49%), ENSG00000023191 (49%), ENSG00000157349 (49%), ENSG00000142494 (49%), ENSG00000099337 (50%), ENSG00000130244 (50%), ENSG00000146904 (48%), ENSG00000111846 (48%), ENSG00000183888 (49%), ENSG00000152443 (49%), ENSG00000108465 (49%), ENSG00000075391 (49%), ENSG00000088256 (49%), ENSG00000099377 (49%), ENSG00000154438 (46%), ENSG00000117481 (49%), ENSG00000140553 (48%), ENSG00000110921 (47%), ENSG00000130997 (49%), ENSG00000023228 (49%), ENSG00000107371 (49%), ENSG00000126012 (44%), ENSG00000132388 (44%), ENSG00000127463 (49%), ENSG00000183486 (49%), ENSG00000102003 (49%), ENSG00000175073 (46%), ENSG00000129990 (49%), ENSG00000115648 (47%), ENSG00000157510 (48%)	Cis	mitochondrial ribosomal protein S25 [Source:HGNC Symbol;Acc:HGNC:14511]	nuclear receptor subfamily 2, group C, member 2 [Source:HGNC Symbol;Acc:HGNC:7972]	ttactcaggaggctgaggcaggaggatcacttgagcccaggaggttgaggGTGTGTATATATATATATAAAAAAGTCCTTGGAATTATAGATACTAATTA	3.56	9.78	2.48	0.9427	0.9319	0.333333333333333	0.512865871241226
